10000
5705 2223
8381 2970
8013 2689
9931 4756
3589 8134
2730 375
7505 5311
491 9141
6024 3156
993 8081
6643 6893
7648 1458
9816 255
5310 7002
8080 219
9174 7502
1464 5013
1939 6005
2316 5666
3940 2648
4795 7116
3254 2812
6022 6702
6879 2409
9124 3449
5372 9049
5125 1579
4847 6220
5264 7692
7213 7820
5884 7500
9165 9556
5750 7352
2271 5800
9498 8888
6894 1043
8937 5532
7410 7163
3584 2100
9393 2170
1471 5976
7349 4502
4406 7294
9911 5079
1321 2755
1805 5686
7613 8542
2414 4658
6023 3697
1555 665
3152 8575
9994 7365
8959 9482
8198 7793
4069 9506
6770 9427
8191 6170
2463 3917
3293 5867
7347 3756
6446 9182
7486 4372
9809 818
6059 1407
2124 9219
649 5525
3413 9880
9900 2256
6242 7430
914 2910
3848 8561
2954 1460
8656 8892
5583 6033
6648 118
21 9319
6122 5057
8548 4583
6787 4629
1017 5993
3294 5737
7607 867
4668 4901
5900 6804
1472 9759
1088 5846
7937 2857
949 7521
6681 2722
4113 3608
5688 1747
3533 4939
3892 1521
558 2151
2727 4342
233 4902
6388 9756
1035 6362
7322 5521
3685 9647
7922 733
6351 5027
4948 7959
5786 3177
6807 6849
7271 1163
1317 2119
6025 6659
1667 3604
8800 1062
6285 9514
7408 4884
5982 3447
7908 139
7807 6802
2517 3594
3448 8692
276 5328
9021 3452
9743 2081
4299 1806
4379 2402
6736 3667
908 7520
8224 153
5892 1376
9093 4110
3045 3200
4022 8945
8502 5457
4487 195
8008 7764
6690 985
5406 2289
2244 6662
4218 9924
312 3480
8351 7175
5648 6975
241 5090
7337 8059
1982 3981
9149 3284
4841 3357
8290 3467
2344 5835
6686 7581
1591 4357
1256 4120
5732 7547
5439 7564
9822 9988
9414 1559
9372 957
5222 2454
433 1456
1182 6857
3992 8977
6331 3366
4448 4128
2621 9062
2915 5345
2324 1416
9538 6402
8969 8001
8135 5646
5452 5912
3963 2639
6165 4643
4615 500
2734 7612
8506 403
1147 9332
8208 7552
9760 7626
6314 2749
3005 5649
6121 5417
7556 4366
8989 3112
1640 2040
5058 8686
8083 5588
6218 1128
8201 3508
4169 4874
9193 7903
3859 3331
3247 4167
4914 4453
4086 9517
5486 510
1908 8459
6836 5680
9071 6012
8673 7779
1030 2231
8372 608
3257 3122
8054 2793
4812 8200
6783 6089
6621 7783
3758 2096
1568 8539
973 7493
4020 8627
179 279
9694 9889
7000 2629
5674 1170
8788 4997
4337 2423
7586 4238
1519 8346
4542 4641
5742 1634
3930 7693
4969 6987
6061 1470
541 1508
26 5416
9235 9240
5542 6202
2651 2072
965 8968
956 6419
1955 4396
2665 5816
4518 902
9644 4829
6725 7404
4013 8119
4055 3522
3318 7214
8598 2416
9337 7300
762 4048
3757 2858
7668 7237
7923 8467
6525 368
2585 5926
7307 2831
6413 3038
6376 1660
9531 9087
6826 4348
3278 4236
5189 89
8520 746
6838 1863
2413 3923
5224 994
6819 9251
6655 9355
5585 839
2206 2125
6733 614
5863 1680
5784 6124
434 7834
4657 2080
3927 9780
41 9901
3893 8920
3450 6428
3534 9044
5016 7088
7619 6332
8589 6808
4550 774
3593 9127
5075 4695
7467 3300
8685 5595
4990 5695
1080 9480
2265 929
9887 3171
5361 6592
4114 1320
7568 7917
9882 8657
9224 5118
3703 1512
4692 2052
9473 8497
8496 9426
4459 5599
8584 4630
3668 880
9478 6856
2905 3857
9259 7876
135 5431
2592 4878
3445 3596
6769 214
8718 9634
2438 5437
4905 1578
6292 3882
9424 2171
9680 9856
3195 915
2936 3914
6550 2024
7885 5106
3021 8214
7147 6462
2854 9725
6645 3789
5386 8256
5913 8873
5443 663
943 9185
3087 9985
2811 4233
8150 7319
6187 1404
6378 4925
1739 1678
24 2034
2066 7777
3592 2169
3463 7765
3496 620
9104 304
1794 9865
9553 8965
9838 519
8060 7898
7912 772
2496 871
4210 9578
7004 3483
7058 8456
3430 6798
9257 4358
3335 3417
2875 130
1532 4381
3497 625
2167 3946
352 7683
4450 815
1613 3569
8009 7638
3238 6198
3051 980
1780 731
1337 5426
5844 3523
3810 7439
4757 1299
917 7095
5874 2823
4199 5488
4985 6112
8429 1542
8981 3891
2340 3141
9766 605
1477 9226
366 8772
1518 3531
6039 9665
7706 6651
1868 3162
5008 8252
5172 5143
4632 9697
3291 638
2238 4247
6556 8999
9508 3446
7268 2782
8817 4800
5918 8016
575 8385
7193 8852
2814 2045
6344 9296
5755 4706
3086 9249
4539 5745
5746 7825
9383 7685
7043 7730
4526 4336
7805 4470
3118 3839
5571 7334
7987 6576
1737 5587
7127 2006
2359 9470
1517 2107
673 7094
2159 5305
1554 2699
4943 1837
1187 718
4387 6260
3062 5445
5401 268
759 2263
7822 8235
6152 2163
9218 9807
6815 764
7815 9401
9315 7844
1463 9206
9859 8253
4965 2197
8159 8751
9160 2674
6224 4308
2319 3104
1450 2139
2660 7847
9922 3909
1301 1377
8658 1201
415 3860
6334 635
6861 2183
540 4636
3093 9599
2292 1733
4793 5823
8249 1078
2838 5323
4103 1856
6687 9863
4996 8088
8471 4222
6967 4645
601 6746
5925 9899
9658 2675
5902 8137
7324 9341
3926 1497
6217 9487
2391 3955
9685 537
9872 631
7924 9162
5812 6203
885 2636
7748 9951
8946 5167
7185 7202
2764 3060
1701 15
2544 2507
5985 5667
7875 9913
2816 4889
8348 2121
5174 3994
2791 9111
5289 6774
7167 3346
7945 2023
3801 3473
2195 5390
274 9181
8032 4783
3794 7773
4598 6623
8639 700
3827 4754
47 4408
6983 7561
9068 4895
2321 2999
7678 9008
2293 2562
4887 3933
1960 7083
8815 9358
9952 2342
6162 49
2775 7798
8327 3995
8066 8915
1388 6227
8916 8146
2407 3574
4187 5602
8704 1265
4772 7949
341 3475
7382 3342
6231 3652
7109 6530
653 4277
1085 3404
1811 343
6245 8776
5555 9928
9794 8532
2540 9169
3722 3140
6401 8849
5932 2076
4833 2568
9302 1432
3123 3711
9175 4216
6763 4751
531 3436
2511 6944
3999 5358
7868 347
9544 9718
7870 7852
514 4727
9307 8811
5256 4354
7804 7975
7495 1026
373 9075
2752 7826
5081 5409
6460 1380
2476 8843
7115 9513
1948 334
3658 6342
1070 7853
7925 6353
5566 4851
208 547
4543 8397
1928 9729
7230 9434
7679 7732
9562 6461
7123 3555
8103 6837
8623 4301
7617 1859
9870 6209
5387 8727
1881 7490
386 333
5424 766
4136 5508
5410 5630
2177 4040
1589 889
1005 1311
3812 7895
5425 4635
3280 2290
220 7942
5751 7507
9280 9019
6312 6047
3611 5694
1034 42
9000 9241
7812 9961
1922 990
4243 2341
2880 1257
7893 8626
9300 4282
8555 6129
8614 9132
4305 7636
7227 2599
8451 7225
2924 9409
3190 613
2277 7236
2224 1783
7143 3518
3687 4225
1594 175
8683 7737
1437 6261
3227 3544
5430 2882
632 8465
8098 1323
1607 1828
937 3552
2951 5549
862 7101
6803 8835
4328 6097
906 6548
9691 506
1328 6582
3573 8992
1267 1616
4256 7015
3340 3666
3384 5483
4473 5778
9505 4213
4744 4018
534 4530
2795 212
7056 855
4662 2483
4176 5707
1402 5720
9347 4350
3823 399
3595 1597
8411 1919
5927 6858
5839 9346
5858 7426
4101 2892
1685 2992
8913 5876
1381 9056
4404 8988
9601 2792
562 8799
3262 4309
8293 4778
1763 2834
7705 9810
923 2866
8635 1841
3041 3381
4710 7106
9959 684
9979 521
5917 5817
5049 8591
4330 7835
670 2966
3223 2225
938 6212
2249 7615
767 6265
4292 1871
9248 3298
2148 332
379 8171
7269 4008
2260 5736
439 7411
8204 1588
2945 3710
4791 1711
7861 1534
6169 5992
8296 7533
3776 2515
7401 3532
6207 1843
2977 1563
5369 1058
4945 288
5643 5838
8494 4438
6349 5350
9704 6079
7716 3109
5149 5414
7537 4723
7376 2661
8733 5703
8405 1247
4378 1132
3251 5360
4771 5663
5162 850
1447 2186
8687 6084
3044 6626
8830 8263
536 3470
5731 5034
6864 7413
4886 350
8065 7992
5113 8842
1977 8636
7290 7599
6913 1643
2234 4868
1648 1883
2864 2595
5849 7075
7027 9817
4737 1730
5528 7161
7714 460
2335 2479
4532 9271
3795 2084
6099 5254
9208 299
8143 3871
8436 2016
8926 7590
1231 9490
9284 8145
3099 8022
9236 823
7620 770
182 1478
523 6123
6076 7194
8167 8975
5629 3058
4872 6707
2988 9146
2232 725
6729 5673
476 2049
2682 3168
4897 5432
204 5318
8133 9232
7372 5481
9551 2077
6526 2702
4796 9042
1647 699
3958 3320
2900 2150
9117 285
4614 6892
5161 1249
20 8289
6262 769
1356 1975
384 7031
5283 7593
380 203
8440 5354
7694 2666
1155 578
8209 5176
3870 9371
3324 9907
633 6037
872 9971
7548 2268
2262 9898
6094 5156
5466 1886
6773 3089
8795 9906
169 9090
2678 2291
1753 6113
223 7799
8879 9984
2663 6183
9940 918
8172 4572
8923 2105
1012 1804
7745 9629
4135 4302
9874 1615
485 3719
1444 8841
355 2213
9036 98
9790 244
8104 4153
5708 3255
2284 7311
8537 2399
5916 7466
3945 1196
4202 1479
2801 5716
5308 876
3679 54
2975 426
3001 8408
7423 6959
4719 8793
4722 8529
9600 8933
3031 6255
7560 7485
4339 6457
8928 4198
1055 4029
6538 2664
1461 2851
2182 5111
4385 4523
9677 8510
838 7549
9806 1117
5704 1235
704 903
6989 4966
5979 4782
5245 4786
3701 6429
2819 4288
5815 4041
5183 1819
1369 4263
3220 4483
9855 7708
9107 213
8246 5727
7981 2743
1064 8744
6204 5903
419 948
3090 2267
6180 9624
453 3528
5749 3867
5856 2257
6535 4490
2446 8753
1914 5947
3985 9701
2073 6431
3971 971
5938 2314
753 2178
4482 6674
672 4664
2200 3561
3708 1575
6854 6501
4691 8272
7244 4631
8676 591
2783 3622
1354 6408
7110 8547
5911 4260
3442 5598
1325 6508
8053 4182
6018 9559
496 1273
6389 1722
187 178
7780 9390
1541 267
1327 272
5316 2251
5329 4704
4115 6809
975 3215
7333 6111
6903 9475
7318 5891
8234 2237
3125 3313
7666 2069
8749 9116
9840 9782
3390 8961
4581 7864
7851 1110
5687 5152
5494 3938
8181 9935
335 3746
1469 9535
6172 3586
4295 211
3187 7449
5088 8089
9309 5515
1786 3032
3740 4576
2683 2742
7469 6978
4547 3904
7128 8012
3043 7760
8952 3530
5596 4391
5640 2218
4923 7856
3790 645
5768 9382
2878 2662
277 8142
8601 5392
6881 1704
6186 7156
9166 3888
4227 4462
4471 4421
8287 1390
9276 2815
6411 6432
3599 6017
3444 1343
5194 4954
2833 6049
1261 4528
3271 7010
9247 6032
5419 9923
6003 1453
9168 8652
7752 7435
822 3389
1180 6896
5887 4217
7057 5277
7883 8082
1048 6615
5218 9953
7946 6355
6810 9477
8934 7858
6182 3046
968 2475
1831 9199
30 1329
1225 9119
6066 9054
2041 1901
8406 9716
817 4310
9283 372
3226 3212
4197 1728
6360 4642
3020 8292
94 8716
4690 8125
46 4762
623 1440
7677 7866
3365 520
7688 6278
6513 7180
1100 4835
9173 5777
2877 7860
4790 6630
4654 2055
551 6078
2667 5077
600 7314
87 8310
5972 6459
1860 4246
3924 7665
3142 9815
3287 1227
9864 2848
1694 9233
6438 4580
6321 6062
1923 4039
5919 1913
3376 7093
9225 8102
6949 9651
8074 8511
74 4430
530 8090
3380 1802
557 284
9455 2530
8231 7543
8979 3793
4208 1316
6947 2239
851 4708
6941 2439
6313 2425
7166 67
6363 9331
6471 7276
9410 1334
8255 3881
7177 4767
4755 954
5657 7695
5005 2586
2718 2038
3127 1233
8742 2949
6830 655
5793 7621
412 6588
7910 6421
6869 6977
1071 1829
393 6566
5821 3267
9752 8955
964 879
3742 1184
1815 671
5826 4929
7067 7243
8158 6073
2031 4987
5871 2295
781 185
9364 3970
1462 940
6117 4461
9465 4575
4161 5795
8663 1002
3609 6824
9969 4709
3244 7742
9467 225
7525 7879
5791 4844
6477 3193
205 9148
2654 4398
9851 1703
6995 6027
2086 7557
844 7911
6098 3360
8228 2554
5995 4186
3965 2593
9433 8719
458 6943
4819 7017
4507 9596
3674 7263
8463 584
1431 6157
566 7026
6981 5021
8785 564
4533 2659
6445 7389
8726 3743
2827 4479
1260 2969
2394 9069
1885 5833
4266 3273
9957 3601
5166 6325
280 8865
4249 3451
8335 809
5045 5788
6719 4037
9228 8838
5014 7784
8185 2374
4245 3250
4968 2534
2777 4511
4072 1972
2387 8602
816 2861
3675 8378
5502 4083
1771 7663
6644 4131
6571 7013
5765 8358
2569 9633
865 3474
488 3741
4145 7939
3787 3096
7759 9527
580 3228
6282 9250
2377 1602
5011 9221
8708 5150
7072 2723
72 5544
9348 9761
8004 9956
869 3780
3173 6572
9713 7195
5241 556
1889 1073
7566 9203
6993 7897
7569 3438
4417 8527
1626 9781
5043 7574
5130 3321
5910 8566
1838 2147
410 5945
6852 4076
9145 5352
9070 4138
481 3623
7458 6030
1917 6742
6189 6999
6946 5570
7811 7664
7129 8099
5766 639
2640 4650
4223 6956
847 9892
6 7241
2458 2696
3377 7
3309 5103
8845 6627
400 1852
8890 5616
4974 9990
5244 1487
9326 5935
2706 5221
1119 9707
5582 4234
9017 6494
186 6478
8987 1441
9964 9686
2627 6391
7079 5890
3056 5448
6614 8364
5053 3422
9728 4012
1113 4660
776 9843
4998 4509
9819 5878
1603 6891
4912 8462
5556 4906
1659 4589
8884 7420
877 9392
1560 1449
4602 6379
3297 3097
6373 6455
5591 9306
4780 6442
6776 9876
6371 7299
6080 4382
2715 2613
4181 1393
210 4105
8258 6093
9378 1428
3182 8245
2541 5219
4788 7661
6932 6703
2493 9103
1245 1950
8714 4815
9515 5324
1699 1764
3010 6196
1549 4908
3630 4442
1145 5338
5347 8625
9171 7701
3186 4798
1436 8251
8669 4505
3683 6705
122 6173
1284 7335
2889 1027
2612 3749
342 610
5706 9642
1707 9002
6980 8851
1008 4191
2480 3922
3883 257
7669 9360
3796 7298
2185 8470
4875 7531
528 8480
798 4065
2898 6532
306 8215
9885 5600
4736 5435
5178 5412
1169 761
7622 3910
7610 4917
45 3166
6107 9582
4084 7460
5 9914
1717 3677
7865 1761
1620 5232
8585 9074
8051 7367
1052 8192
4141 9001
8121 4370
8779 3252
2789 391
4697 6847
9005 3672
5590 9100
9061 8288
831 3407
9458 5767
170 1401
3042 2746
2605 5271
7672 9526
1069 9703
5966 2135
2445 3715
6481 4534
4428 190
8291 2853
2839 1270
8340 834
340 7983
9709 9792
3079 8036
6229 5371
3886 8038
1307 6194
8978 82
6878 5781
4340 3953
1621 4586
4592 8787
5967 5789
5164 57
6679 4255
808 1161
3433 4721
4426 6850
5393 5179
79 4611
3901 6244
7545 7338
4513 5285
6148 4725
961 4605
8039 8330
150 2625
8661 1269
9101 1195
7085 447
6760 685
1348 621
4380 2461
1776 9800
1192 3977
2229 4258
2926 7049
1580 6866
7228 363
6636 2199
1040 8027
6335 6326
9262 5699
2536 5501
8491 7048
1641 730
4027 3499
2190 8717
5158 5757
6249 5370
5282 8724
6562 3539
2960 6951
1077 4573
4156 1842
2134 6068
8914 9581
9530 5208
2085 999
2986 576
8318 7402
5811 7989
5259 4824
7754 5931
7511 3019
6077 1430
6833 5748
5958 2655
8870 2781
5986 115
5115 7715
4265 1738
8711 7632
5864 3035
3771 7515
9245 6863
71 5984
1230 1037
3477 8387
8182 2837
4023 8901
5614 8037
2376 6619
8184 2896
253 4735
9243 9320
9277 8659
1720 3345
1164 5730
5541 3549
5131 6258
7154 1204
4794 565
6860 1330
9740 9549
2513 6811
9151 3607
3067 9422
4130 9439
6599 5322
7476 6104
2495 6641
5756 1410
3814 6463
3700 3072
7114 6368
8097 4228
2888 4764
4416 5567
3577 5297
4596 7231
6383 3025
5944 3472
8341 8212
9824 6859
3626 5217
2873 478
8615 6222
1557 2527
4610 9512
4035 6346
3428 495
6595 6561
4160 9143
5007 3169
7339 3694
1276 325
9627 8690
8282 5379
6236 1571
856 4281
6430 1623
9977 2556
1898 5930
2419 199
6132 1768
7633 1537
7190 8518
3948 120
5291 9524
3157 7530
6788 8144
8847 9460
4271 5054
8697 8551
5578 85
8304 5465
2676 3080
3009 7554
9037 7380
1845 5353
1675 8433
3642 5332
2401 2956
8593 1774
6414 8513
1459 1290
2681 7963
3655 9291
138 4814
107 4946
2309 64
4463 6502
8634 1475
2879 778
4880 6755
7871 8281
3732 6264
4457 8107
8810 2281
7809 8568
8302 2299
1821 5898
5220 9303
9230 9861
3682 5042
751 6417
2189 8672
5383 8664
760 8737
4535 3047
5886 7958
4862 8055
7519 6713
6146 8743
1854 6622
5270 9609
2303 900
5415 2940
8298 8651
4117 8679
5056 6664
5346 518
2154 5279
2628 1630
2643 6589
9045 4983
7536 590
8421 8277
9294 4746
2735 8218
9476 3570
4517 5351
6708 4854
1341 1310
6505 7113
3488 5080
7477 291
8650 1907
7670 1384
7509 7555
357 245
5961 2957
2235 8367
5073 698
602 486
8262 124
5499 7785
735 3150
5330 7729
5728 1513
9777 1322
3421 7488
1865 4843
8905 3091
3770 261
9610 6415
9764 6347
4226 2881
982 9260
5905 9886
1228 6330
5144 3993
7884 6507
3564 6682
7317 4994
677 2504
1141 6341
5965 721
7867 9125
9844 9402
6976 8882
9615 9921
6782 7036
376 9529
2581 8874
8903 4278
1439 6443
1063 9504
7775 2870
3222 2330
6657 8368
7932 4500
3613 1940
9072 7039
4876 5843
3197 75
652 3117
2732 6130
4617 7371
1762 2687
2790 2383
4054 5589
8349 7052
6286 1941
6119 5642
7441 5454
2923 734
6551 3074
9796 4053
2747 715
8153 1454
8076 1146
5980 8247
9085 8130
4839 7491
8720 6832
8002 7381
3270 7212
9895 8667
934 8950
1016 4549
1558 2885
1585 1880
4541 483
3918 4856
5403 8374
1125 6115
899 8550
5520 7735
6984 5440
4102 4694
1957 6825
3709 2650
4711 6747
7206 7152
9431 4155
8895 2525
7758 1967
2014 6433
5831 8525
1706 3764
5792 1312
7800 3479
7563 303
9711 4512
9833 25
392 6549
1482 6516
7429 9366
9902 9321
5397 1793
7625 2798
5577 5214
4646 1076
8607 6912
2068 4219
5970 6543
6547 3535
9612 8994
7186 7133
2883 4251
8188 6083
7623 2358
959 3524
9723 1020
2144 2059
5265 7770
2990 5764
9908 5883
9152 7118
1637 4347
1279 8437
8233 4537
9919 9555
9762 1179
68 6176
2531 5122
3911 1389
6254 1046
3641 7329
1004 6467
2829 1531
7643 7446
2538 1931
3100 8419
6492 7928
548 9110
6529 7100
8014 5882
6963 1397
6931 7103
3514 7137
728 5719
197 2313
7747 5091
9503 4390
1567 763
716 7614
3363 5239
4400 1820
7436 9486
3243 3874
6865 4578
1446 7550
6135 1137
5060 6328
1713 7457
2684 1476
4978 8073
8160 6669
3723 947
7973 2680
7132 4283
2708 708
6780 490
7442 6762
6311 7850
5105 7909
9377 3935
4107 6042
8577 4355
8947 3183
7291 9996
2474 6848
3129 2520
8929 873
1689 2254
1105 7060
262 9282
2890 9496
7070 9488
3007 9484
4857 9178
7473 4024
9135 5637
4577 1496
9295 5783
5922 1412
1617 6581
8155 7419
705 6731
7044 1748
8871 9652
651 6768
4519 7005
3928 7920
1104 5857
4189 729
8174 9545
6658 5275
1846 8517
2578 8399
1252 5418
1672 4211
2855 5880
3967 2867
9137 330
8434 1635
1548 5851
7081 8409
6350 8309
6775 6569
4201 8187
3369 1370
8444 7726
5087 4871
6795 6955
113 3885
9791 567
9970 2622
6106 1725
9305 2754
7280 4185
9705 2724
1434 5546
7393 2505
1394 4799
1729 2499
4651 9574
4242 8280
4423 1781
4981 9180
4540 827
102 2733
6181 6166
4545 2492
7428 5227
1139 978
2143 6190
3172 7640
891 5173
4773 2422
429 1656
1054 1366
4472 7150
5313 4976
8169 9415
757 1592
6048 7454
6081 2443
7755 9317
5782 7718
8379 6214
9329 529
6288 9788
5740 8876
1124 5442
1824 5065
5449 492
1185 5540
9053 1208
7321 9875
8113 9595
8352 8386
5002 7316
6439 8576
5436 7210
7589 7144
8207 235
6720 2523
1662 7649
462 4935
7417 952
8814 2210
3875 9966
1468 1625
9689 5325
2871 38
1877 2048
925 9083
8862 1749
658 1315
154 4026
2283 5070
3316 6273
5575 5201
1574 5296
5342 8869
2165 6085
4837 7828
6398 3139
6918 5356
4956 1652
5496 5790
5592 4496
7221 2253
7427 431
6827 9445
1288 895
661 5928
6365 5718
3704 9583
3343 8156
4752 2548
1995 2255
5269 2948
9349 7232
5920 6380
6743 8500
9845 3986
8239 5030
9771 2242
7071 3260
3406 4038
5458 4294
3494 2610
4992 4840
8161 799
7326 4926
9789 9095
7902 5522
1218 4290
143 6726
5854 8031
4741 3234
6230 8461
6602 3155
8286 2311
2430 6855
5402 7611
3916 8503
5964 2325
5171 8768
8519 4374
8382 8784
3802 9748
7006 6211
1969 8334
6897 8034
3603 6843
9 6906
3632 3692
7578 3202
5433 6300
2029 3526
8179 176
7362 7700
6555 3006
720 6116
4100 7588
5516 160
2802 1692
9310 4447
1241 3375
7315 6586
1951 9047
843 269
3932 5028
2841 3659
2486 9625
9281 8828
6531 2980
9827 7456
4515 4067
1870 348
5894 5798
4142 8721
2246 3951
2668 401
3820 9207
298 1533
2794 4729
3784 2161
505 4860
4440 3289
6829 5953
4311 7104
6982 7235
7654 5981
7964 446
1827 9493
754 3492
3063 7304
6563 5626
7257 6606
9066 7256
2518 3629
5977 7746
8645 3705
2649 4163
643 2918
8307 9617
7757 7030
5407 2156
3214 2389
6823 4865
9834 1001
3468 398
1287 4194
9638 6374
3388 4801
3471 9501
2345 9674
3620 5286
6197 622
4497 596
1148 7434
4349 2012
9073 5810
2760 8450
5072 1494
3769 1973
1131 4955
7209 2138
737 3075
3502 7840
4118 2166
7224 4950
2245 5127
5990 3673
8393 4944
6450 6053
9043 5580
8202 3727
7926 6500
9722 7120
2761 5915
5617 4264
1318 6263
7142 8068
3268 5341
3175 5495
8902 3379
2763 4126
6868 1510
2731 8694
8829 6357
8973 3188
5656 7504
1665 4477
6009 290
3587 7630
9442 7854
2447 2043
3306 7140
7931 5184
2108 784
1019 8531
1375 6338
1378 5692
5223 7792
1784 2547
7453 8175
6633 6071
3974 8492
3699 416
5506 2323
3734 8395
445 2558
6973 7916
9255 3798
5367 5865
239 8488
5543 8735
2408 9894
9532 7107
3897 3754
5086 587
9873 3625
958 6675
4739 6270
9163 2460
1041 5548
8117 3598
7528 181
1726 3412
3185 9573
6734 6750
1654 9688
5175 8678
5391 911
3842 9825
2477 3264
3730 2160
1798 7112
3469 2609
5601 2994
8313 9436
8546 7422
513 86
2157 7848
2658 9242
5670 382
7489 1103
1039 193
1698 5461
852 1744
5969 6470
9133 344
8040 317
5822 9727
775 8983
3816 6232
9778 5678
9253 3856
2589 5251
6486 524
3052 2429
1339 9359
804 8963
1945 216
6936 5939
2329 5377
2437 1211
4538 466
1690 7309
1238 1350
4647 5634
4476 7646
6307 7907
9010 4148
3098 3520
6759 2955
4743 161
6985 2449
5230 3738
8606 6523
8581 5691
3246 4661
3211 3159
6514 9683
2338 2942
4993 2078
5177 6909
9606 6367
1984 5960
3978 9622
4338 2521
3558 5210
5238 7377
5628 9593
1817 1295
6200 3396
1059 1988
5278 8116
8138 16
4467 4220
3557 6603
2963 422
9918 9285
1550 4745
8329 6437
4806 5683
4964 4317
3553 5618
8485 1705
4344 1207
4564 9192
1683 358
6235 5914
1426 9266
9655 9016
4150 4478
4314 7465
5340 6225
110 927
6385 5181
9888 9920
2208 8325
1681 9587
628 2582
2110 4582
9407 7387
5870 2417
9878 234
6821 6933
5020 1577
1964 8613
6972 3275
3143 4600
423 7647
7943 7350
3852 5048
8660 9525
6221 6968
3996 5487
5709 2559
7756 9144
351 6275
4133 9992
7570 7802
3328 4466
7940 7033
8734 6737
7159 119
7595 3378
6014 3583
6298 6425
2011 656
1262 9187
2929 8940
2772 9916
3486 6396
8997 1721
2042 1644
9202 3236
1890 1258
1013 8514
8637 8885
1986 1668
7741 8163
9852 7286
2971 1857
9443 9960
1903 254
6744 6957
3537 8578
8918 2717
2436 9089
3899 1234
1467 3115
4044 4244
6208 1136
7904 3101
7174 7136
4892 4957
1090 9590
8839 4493
5888 3057
5255 6890
1158 3023
5335 8431
4536 664
9726 1003
1438 4488
3261 3003
6055 8285
6416 5237
8452 7287
4011 76
8638 374
7913 747
4449 881
2276 4268
2247 517
3022 1391
3420 69
4569 7264
3631 4585
8509 2623
5304 9757
300 1183
5841 6256
8193 4696
667 8631
9229 8582
3272 1092
9344 2753
6407 1606
6304 7518
9823 8120
4494 593
7191 6358
8301 1075
7325 1595
7415 6820
370 1031
569 2226
7025 146
6698 4979
7199 4104
1050 9365
121 6483
6828 7558
9619 263
8516 3065
4804 4351
339 1663
4846 3562
6088 6590
6110 9419
158 5126
480 8696
896 3239
2944 4300
8240 4680
53 4831
9989 2279
2388 2489
8754 5644
9862 3274
4808 4999
6184 5774
50 9561
8924 7444
6167 6961
6544 8373
4924 1848
8261 683
2212 1383
9835 8396
6872 180
2784 5526
2354 8344
5877 986
3181 5362
3414 2173
4821 989
4253 7032
3726 155
4619 321
5652 4748
8361 9076
1504 7151
5022 2201
7690 2307
6611 1891
3209 1042
6361 3521
1414 6784
2462 819
4568 4043
6103 6818
5471 503
7787 7996
9099 1927
6634 8949
8324 7259
1963 5104
4010 9949
507 6246
4560 2318
577 5062
5676 8780
7282 99
8151 2440
967 5257
4885 3828
6475 5089
9286 9270
2780 4623
7609 4715
7204 8017
4071 5668
1000 3777
1682 6695
5096 7880
8311 2336
1646 4111
6377 4090
6689 571
1758 231
9773 4393
6319 5472
91 8512
3858 5780
9738 2785
942 6290
3198 320
7766 5613
8507 4612
8446 8938
9451 3799
3498 5301
5794 6160
3559 9391
6554 2849
1457 9421
1060 1715
8199 4353
5776 242
8957 3731
5940 4686
8476 6091
1540 9594
326 9925
9741 4025
2301 2961
8035 7831
1629 7721
2089 3825
2588 2054
256 5024
7406 3576
732 2294
4017 8443
1358 103
2026 8521
6654 8932
5206 2532
4742 3085
3400 9611
7689 9334
2840 7994
3745 8323
6528 359
7579 3353
8315 8390
4521 3792
560 7121
3478 8041
4504 6072
9411 793
8063 4070
1255 1198
8747 5752
7629 8317
2028 5638
6938 9667
1107 5196
5112 420
6778 497
3341 3081
1500 6567
4508 2987
7801 5365
3191 1610
9653 6390
2102 1355
1825 7284
4703 5852
1502 1162
345 969
3146 5860
406 5046
6751 4085
4000 2103
5199 7361
4172 6008
8820 4087
8265 897
6714 1280
56 2748
6038 7394
7364 4146
8220 4679
1697 5211
846 1894
10 430
2099 6694
6673 9804
9279 7117
6749 5394
4740 9265
473 7047
217 2018
6465 2865
8149 5853
8052 6765
311 1605
2369 7734
2221 4671
2364 2677
984 5191
9013 2624
9157 5321
5809 4097
8597 3538
6399 4214
7385 4046
7659 8000
9333 4056
1952 1217
4942 5498
678 1226
1708 7592
2033 6935
5163 4363
7345 7040
3207 2264
7575 3286
2362 5120
8526 916
9942 6161
1087 8998
2442 8827
6201 5862
922 17
4322 6727
7639 5168
3504 6291
4284 6143
9275 5536
6213 779
8458 7265
637 5672
9428 6539
7124 2252
8238 1727
7360 7425
8109 5933
2220 9620
8342 9597
5320 7471
2091 2813
8836 8118
7374 8622
4838 3347
3813 9946
2608 9292
1486 9539
2705 3843
2991 9965
247 2669
293 7901
2448 2809
1445 9369
4963 8222
7951 5192
7862 3368
9379 3907
8818 7699
7950 5954
2382 794
6199 1189
2047 8590
2198 680
890 5565
782 6418
692 4779
6444 3988
7262 8418
8823 2611
4318 2322
742 4716
8712 7788
1618 4369
5998 4433
142 1
2825 3403
3167 6422
6315 1587
8524 2694
2526 6596
9749 7544
471 365
6036 9469
5799 2179
5468 9832
3292 5137
3707 7308
8045 8580
1872 3826
3095 5999
6994 970
5423 5485
1583 6608
9502 4653
9204 4548
4903 3968
6597 6789
3835 8702
3082 9254
2272 2869
8319 3525
1138 9668
842 9376
6318 8857
8048 6410
1212 3382
7073 7962
8806 7915
297 2152
9684 3944
6800 7397
8023 9662
7080 7577
998 6631
7753 7042
585 1569
5507 3427
7896 5962
2836 9398
9351 3359
4675 7727
5399 4184
3939 7111
1371 1406
5348 61
7022 6343
9186 7254
7985 232
70 4701
1286 9813
8741 8881
6101 9566
4403 2921
8094 9645
2919 1947
3984 6607
7368 7829
4364 4112
1232 5231
4429 8541
3429 3887
7246 1801
2347 691
2241 1263
5803 6447
6870 3830
3680 5209
6114 7955
7838 6877
7762 7499
9293 6883
3194 7582
4845 6991
5107 5036
3540 7358
7252 5735
2064 9820
8177 8985
6560 7302
3301 6070
4928 5572
7790 7200
1361 6164
3440 4984
3849 724
8675 2395
2494 2978
1523 1921
2248 863
9194 4215
695 2410
8728 133
6799 2670
6234 2947
7343 8773
4761 8792
7986 3216
1501 7637
9268 1480
2216 2305
2109 1808
1770 8478
6971 1111
4807 974
7176 7178
5527 9768
3551 1142
5083 1033
1562 4365
7179 5535
5689 4921
5724 5404
5151 5738
9495 7941
3519 4768
9648 4394
2331 5160
8856 9775
1121 6580
5274 3500
9404 4254
586 4177
2142 3370
712 7412
3314 4949
2400 1332
719 5552
7016 2907
696 4127
7398 1874
2356 2406
4047 337
105 1581
5349 935
2935 3144
3783 2618
4588 7320
5813 598
9837 6519
7889 9252
3513 8355
694 6223
3338 9155
4916 7580
4395 3906
449 8448
2602 9129
9579 2051
6284 1915
7628 6834
9641 1429
4002 3011
9808 9462
9389 4554
4062 7065
141 3392
7605 3869
1223 4324
9742 5497
4359 6990
278 8846
787 2128
6605 4813
5758 2543
5679 7713
2607 9721
7839 6177
2817 3582
5029 570
750 5845
4591 5808
7155 9273
9879 8941
1360 329
5807 2304
5579 461
707 6046
2065 8475
5225 8960
3624 8805
5743 8982
7998 9605
4051 8049
1826 2396
3106 6785
450 7433
7658 5509
7934 6958
3527 7351
738 1599
6044 4392
2202 1661
5698 7354
2491 8671
3018 2876
6188 7188
6252 9507
6021 2209
12 6397
221 9499
2403 6730
8423 9350
1985 8362
3636 1670
1379 2711
9046 722
5248 4401
9363 1203
3132 3397
6226 2217
6228 6915
3145 6964
8110 9067
1240 4501
7313 6364
6174 3201
5505 5785
7938 6323
6476 5456
1958 3323
2721 2297
8508 4962
3841 6873
4570 8976
8 9105
2296 930
3998 3476
4411 7208
1229 8819
2597 2642
5603 7182
1264 5669
1127 4431
9444 3385
5453 1417
8699 4066
6118 9776
408 3712
2384 7687
4775 6306
1553 9998
9345 6665
812 4352
5470 7606
5157 9034
8791 3061
8295 926
9533 5956
5388 6522
1545 1266
8604 4717
3851 8020
4503 5762
6591 1156
3884 7251
3588 9565
2015 4452
4734 4561
5550 7984
295 8864
1044 6281
2576 8766
5250 3008
8007 7222
8279 8543
3276 8501
93 5121
3121 2282
2317 5474
7635 8025
6253 3509
1093 5141
2433 9195
451 1362
270 7229
3151 32
8197 273
9205 8377
3373 2846
7303 4972
3627 8688
7472 1160
7681 6842
6159 6851
5523 1619
544 3491
9904 1684
6267 3296
3889 1961
7098 5170
9094 5573
2350 2113
2673 4306
9518 5095
7135 5722
4758 6629
3453 4574
8709 1789
3669 362
7551 2060
6930 2061
9189 8084
2484 4061
5959 5212
3304 9497
2427 52
9215 2981
8868 5312
7957 8353
2351 8141
2974 1421
8633 44
618 9082
4003 2904
8729 8278
6962 2020
9024 3844
4789 2227
4718 9397
4320 2001
7481 5343
4323 4784
9065 3004
8572 4154
7192 8655
414 7921
6677 3779
6732 147
4766 8646
9968 1101
7196 5975
3638 9528
6568 1651
5193 2835
2411 5511
7130 140
174 126
8047 5929
7379 8178
6145 9130
8867 9714
4952 8180
2946 9032
6706 4506
4618 4918
6772 9654
3036 7028
8545 8893
22 2478
1149 806
6308 6564
4335 1045
2967 2914
7691 5422
6900 9733
9690 9323
8269 7995
9289 8394
1191 2820
8713 5820
237 4877
9353 3563
7211 1274
5500 6259
9167 2386
498 901
3206 2137
4484 1303
2804 8899
4797 3753
9368 1767
1448 7388
8490 2557
3240 1202
5662 3554
8833 7739
1372 4469
8010 1622
4028 7776
5664 2036
1167 689
7527 1522
7440 5188
1751 9461
820 4439
6420 8563
4445 7832
2203 795
3221 8565
3192 3651
4787 3348
9770 3374
3684 756
1171 9429
7205 9857
3829 4232
627 8438
7576 229
6880 8343
8898 2501
1608 4669
2930 9328
1724 3425
6735 4137
90 6537
9269 688
6812 8101
2211 4989
8653 9134
3961 2617
7918 149
5753 2418
1024 7173
3864 324
7450 3912
4688 7474
9706 4991
6640 5459
8077 127
9663 3560
4587 1224
2899 8757
740 2333
4123 5055
5725 568
7961 9370
5427 3054
512 162
630 7988
84 3797
5309 9937
4307 4267
1294 6141
4698 1200
6616 2579
487 7567
5632 4371
8019 8860
3443 992
4286 2656
7157 9417
2062 1515
35 3619
1108 6839
8322 8242
7090 3661
3614 9650
5441 3760
6950 884
4975 573
3832 3979
8162 1714
2770 11
1289 1173
2464 7736
1516 1109
6192 8725
4451 8834
8095 9772
7097 7786
9113 4436
8782 5102
3778 924
7514 5476
4231 8919
1596 4732
9932 8765
9031 2751
8474 6871
5635 9893
4733 1677
7164 3108
3752 1319
7855 5493
4557 9731
7496 435
7872 7484
7650 5063
3621 4196
1490 1435
9340 100
9986 8072
9437 5116
5513 3866
163 8389
404 4034
5996 1392
9474 5533
1657 814
5000 9088
7068 848
4927 5159
7719 6917
2995 8449
3219 5216
9536 4456
2000 1272
9176 1884
6678 7914
112 4166
2805 2842
1624 5240
7443 5085
7396 5249
2145 3012
1628 7448
8430 561
2779 8813
477 2398
6345 5287
8432 7709
2357 4627
3402 7239
2771 6928
3950 6473
4594 833
3735 2013
83 693
1795 9881
4714 8771
2380 6593
4699 3024
4988 4407
8412 3896
8473 7781
287 3435
868 6575
2726 3334
5190 2412
1237 1251
2176 1029
800 9435
1349 8333
3288 6587
3536 6699
7165 8422
4960 2514
641 8629
9939 7034
5866 3872
8964 8632
2776 2230
2360 9576
8064 6901
7312 3312
3690 9304
5266 9212
1333 8407
2450 7744
9288 6577
5006 4556
626 3646
2570 6642
6974 6302
5650 1937
6546 9769
8194 7501
5909 1536
3949 7655
8071 2056
8154 4094
3656 3556
9702 3728
6469 9929
7778 6241
9009 7069
3894 4531
6074 2845
7431 6294
5610 2615
8889 7270
5658 8062
3733 3880
7021 2953
5109 8486
5503 7066
5153 3455
4859 6709
2818 9715
2243 4559
3713 9423
8033 5859
8826 9997
6136 4810
3654 9038
4405 9534
7878 2911
4455 8863
4341 9848
7723 2375
1709 8592
7817 9522
1221 3013
9234 3635
159 3721
7603 8331
4434 4853
1153 4108
3176 7559
9623 7281
6986 1455
207 5893
4291 251
5529 6723
198 2725
5135 6370
4769 8750
1166 3822
5479 7084
6387 9179
4828 9947
4229 9138
2017 6004
7370 7045
4759 4319
1832 3356
3895 3696
6907 6797
9976 1524
8668 5017
7203 3824
5681 7346
6688 2968
1305 7301
6051 6153
9102 2830
6578 3878
2378 8391
3084 8152
6133 8129
152 9614
8044 8909
9106 2083
6219 8226
2337 5463
1840 28
4705 5818
960 4420
1074 2050
644 9936
8028 5514
3241 1858
5261 3846
5290 3808
1991 6711
6521 8042
5901 131
8715 1760
9585 2551
7598 9335
1849 6875
7498 2822
9084 5574
3017 1028
1216 4427
5064 3016
482 5873
7573 4014
2097 5307
861 3401
1415 7711
7341 3541
2886 9140
3729 3249
228 4240
4412 8232
2233 681
5012 6057
8618 2372
5547 8498
4674 1946
301 405
4092 3717
5608 5983
5314 3317
3204 4777
3279 3174
9040 9736
6458 2003
2697 7063
8786 1199
3959 7724
9672 2228
7483 9661
4165 2030
4489 9197
9308 9767
945 8392
5333 9039
5952 8762
5233 6585
196 2560
905 3662
7153 1909
2887 136
1734 2566
7652 19
5950 3049
8710 2074
5263 389
9231 5895
1639 6484
4019 9699
5653 3
465 6715
1347 9568
7616 2343
4608 2843
2010 3030
8802 8111
1992 1065
1399 9412
1309 1949
3015 2710
7919 2902
6683 8722
4205 4893
1285 2712
8951 919
3094 9408
6685 1120
1154 2863
8276 6007
3750 5292
5710 2455
1086 4050
2500 2606
7451 144
3615 7813
9356 1304
8587 2535
8126 5482
9687 4620
6405 2850
5334 3315
7887 8557
7437 8522
7234 1094
2032 714
3258 6512
2909 8303
2679 9092
2587 7272
2482 2973
4248 2537
4842 8822
8596 7929
4811 5991
3853 7249
2979 7978
3147 5018
748 640
4116 9097
4644 7892
1387 5100
7059 1674
5510 7824
3416 3637
624 6233
7874 3640
1673 9646
1754 5207
1423 4162
7541 2118
7400 1757
6375 5363
9158 1134
1292 828
4822 5242
2893 318
2373 8691
5382 777
7761 6910
6748 2729
4443 9569
9602 3364
3597 7722
8453 6216
950 6779
4486 4468
752 3657
2671 1669
5405 9884
2315 8574
137 3295
6019 9311
5026 3290
3565 215
9479 7953
5924 3208
5366 9934
5684 5921
9272 1186
7122 2916
9153 4375
9201 1099
3411 5015
1398 3358
5069 5258
4413 4724
3605 8972
3184 7330
6925 2546
5298 7024
1135 8314
1974 2567
963 289
3305 7217
9944 2431
1968 6125
7296 8774
953 3550
2270 5145
3210 7149
9136 4873
7782 3237
96 1830
9118 8336
966 4823
594 1773
9258 6495
4663 3804
1766 8922
617 4683
3503 6154
8297 5200
4361 9557
8139 5797
3355 4437
6301 8157
7977 2269
1353 5068
5492 3900
946 3716
5484 3088
1788 3102
1451 3154
7424 9933
780 3774
5373 227
8878 4681
8203 3706
2370 9298
6504 7283
4376 9841
9003 3618
6436 1920
7980 2600
8376 8338
4465 5229
6287 1082
7248 6283
7676 3766
3653 5553
9868 184
5132 9955
5593 9227
1736 6527
8416 4524
308 9386
7223 5539
1978 7331
8363 8732
1892 5491
2191 5339
4052 7818
2691 8695
8599 6831
538 8887
5936 29
2908 813
5622 9867
7363 5559
6239 4492
7146 8569
3990 1268
4728 8402
6092 1965
4230 7830
7510 494
6717 7768
9051 3263
9446 9628
9511 5198
1118 866
9649 717
595 2574
8906 6468
5262 9765
6034 888
2757 3982
1025 3203
6250 3997
2266 9978
4275 9170
4193 4049
4419 6109
9550 8206
8495 6193
2545 8877
4720 1822
3269 5475
6988 7416
6905 2698
1935 8410
6650 2952
9783 9396
9154 8560
1007 2308
3426 8225
1943 1509
854 3724
9394 7863
5697 1081
4879 6309
7572 2583
148 7328
7877 4566
3111 7997
8886 6310
1700 5101
8648 7857
5829 2175
8493 7671
8812 7535
7421 597
9787 424
9793 3179
9388 459
4864 9681
8483 5108
4753 9695
7806 5801
9453 9995
1782 676
5869 6997
2519 607
3751 3322
2453 5071
1259 887
1996 2116
1338 4152
5563 3066
6966 5612
3441 499
3245 8980
4817 9639
3014 1930
3283 249
7845 1302
7369 3218
8755 7837
1875 6663
2451 9405
6853 8375
2444 4015
4004 37
4970 1357
2580 2768
588 1246
3103 3055
3809 1382
421 8435
7796 2334
62 1253
9064 4333
6142 7348
3393 619
3744 8736
7763 7979
6075 6015
3855 939
9991 2039
6095 5082
8350 238
1130 3817
6886 2361
2094 8759
5272 8670
9763 7172
4 4852
7215 6382
407 4726
6279 8630
6280 5460
2510 7707
9120 8764
2371 9588
377 4933
5693 9811
6911 1520
7253 8804
2180 3387
3747 4593
2288 3233
5384 7050
369 6979
5625 8427
1466 2524
3572 2982
3748 2598
4481 7803
3788 5671
5033 3612
4389 9598
3566 6796
8457 8086
7023 5814
7455 1157
3510 1206
4203 1364
77 3148
302 4099
3759 1743
8398 5010
5819 2123
7327 6453
3398 328
4410 9159
2240 264
3386 9191
2716 6487
2728 5246
3136 2300
9750 5202
5717 5226
6210 9188
7769 4129
2996 5568
988 8370
3149 9028
2487 2098
9058 472
1484 3952
5165 6451
1205 1340
9635 6393
3466 6704
3865 5381
9603 1197
8912 3327
7935 7126
3461 972
1650 4894
4940 1745
6637 1443
9905 3954
9679 1277
5477 2859
3645 9079
5636 727
7461 1168
9403 894
907 6846
1159 7082
2563 8003
1222 7297
9481 1539
8707 6953
3281 9717
8230 3465
8046 2868
3372 1742
8662 8030
286 9831
7952 7008
469 7390
7627 3987
7258 6340
1298 1896
5761 723
4579 4682
4922 6403
5268 4584
6237 1979
893 4491
3876 5098
8739 9330
2193 3205
2397 4171
2542 3048
5114 5019
5881 1021
2906 275
3966 5729
1535 1853
9975 8170
8468 7383
976 2435
9570 2528
9416 5067
5059 773
3071 5234
1499 7497
8070 5317
9156 9543
7018 3695
9338 3462
2920 4402
455 7791
675 1823
3773 201
3920 9060
9263 1638
1525 9592
9963 8487
7478 5702
8925 1049
7930 1015
5182 549
8628 9057
836 6316
3266 3135
870 4081
8186 3232
1818 4276
2090 7148
4702 3064
7725 4139
7982 6266
1816 6454
9299 397
1116 3919
2285 801
9375 8896
9802 1083
9591 6924
5802 9209
411 323
1165 4422
313 7054
183 3153
1281 2273
6158 2686
1374 835
9547 5677
2756 331
9710 3942
9287 9805
4096 6466
8935 3339
646 3836
1342 5647
2353 4858
2933 6712
371 8536
8024 703
4383 3164
6882 3026
9917 7306
4424 5775
8619 236
4174 8112
6656 6175
7187 9077
4911 3547
5446 2390
7373 417
31 6139
8057 134
921 2632
7969 527
874 2019
515 1395
9958 8730
7061 209
8259 5586
4032 9448
6045 5138
4938 3831
1236 9883
2002 1495
8808 8943
9440 3349
5868 3505
9357 6128
6884 6041
2601 3277
4693 8794
7051 9380
427 8267
7012 6922
6054 3490
8306 2044
4563 7827
4106 6064
6126 7702
7513 1900
5974 9007
6697 668
9675 8275
4261 6739
932 1544
8859 2943
6628 8061
6441 9336
3767 2063
7900 1023
3962 4179
516 6297
2106 6583
296 1676
1905 8217
7053 7310
6680 1427
3648 9692
1114 6693
5247 849
395 4932
4652 3285
8816 78
8681 3921
1814 7933
4634 9818
305 9586
2381 9112
9798 6965
4980 8911
9078 5937
7506 4781
4713 9853
5326 6395
200 2349
4332 4321
7508 5639
8176 6480
1036 8122
4959 3511
9400 5187
7266 9452
5531 2298
4125 7674
2481 6485
7618 1956
5558 2004
73 1582
1313 5110
9264 5429
4597 2164
741 8594
9161 7353
669 509
2058 125
9930 5904
6632 8958
8942 5037
6613 1250
1511 1779
3213 1876
2287 8260
7250 8299
6386 2695
8472 9980
6635 4279
2561 1123
6791 987
9239 6171
1293 7767
1038 230
2146 2088
4869 109
2424 811
2984 8746
3423 5284
3975 5875
8530 4195
7105 2692
4910 8770
3850 5651
9063 3431
1570 6150
810 4883
7841 7171
3606 1359
7960 4331
2774 6337
1297 5665
790 3180
8005 2529
4098 9950
3410 1424
8223 634
6790 2652
3105 7292
2884 1485
432 3337
8608 2778
6584 8183
4036 6540
9604 2187
2114 5654
8858 875
394 2473
864 4001
2141 6333
6598 532
1126 36
283 1833
265 9519
3481 4855
8705 6722
9847 951
9554 4567
7517 8944
7738 3351
7357 5834
8404 6069
8693 6303
5035 7704
5462 7198
5942 4522
1850 3678
9468 4293
4973 4640
8447 8312
8700 7019
6579 2181
9325 8227
7445 5739
4673 165
4168 3515
6271 104
171 173
7418 2931
768 5534
2502 8484
6035 4510
3976 8894
106 1367
5288 962
2983 8962
1505 1385
5973 7771
5946 5408
6016 837
5302 9012
7795 9584
1902 2584
8439 502
6574 1999
7233 7869
3517 8413
5281 226
8564 7475
8388 7492
8930 2572
5641 4607
6618 3230
3126 9983
8540 1122
9274 4059
9312 6394
7728 6638
7842 2704
2787 354
7138 2104
281 8665
2115 8455
3634 81
3676 1336
5696 6289
114 7849
9981 309
6426 7584
7797 2456
2120 2826
3915 6701
2130 4042
1834 3628
1418 2693
6268 5659
1528 3506
6247 4188
8917 9244
1997 6272
9724 8866
2037 3454
9548 2275
6503 8936
6845 5205
3806 4346
3073 467
1152 4235
8605 1688
1296 8790
5879 9048
5389 6570
8900 4891
3383 5512
1998 5824
9464 1022
192 8996
6138 489
3027 1600
5148 5682
2426 7624
8897 9454
5537 636
4360 1452
4157 6238
4368 2539
6067 5009
2590 1143
346 4609
2497 1959
4613 3847
1526 294
2428 5047
2690 3879
1636 8006
8079 4297
840 981
2467 7749
5504 6168
8189 3991
5092 9858
1181 8641
771 743
3487 8114
4005 2472
1140 9660
1244 6348
3947 5074
5357 7542
7086 6354
1373 5606
2111 5963
4525 2168
5620 128
5450 5228
8359 8479
8534 4377
9739 7099
8649 859
983 9676
3170 1102
5359 3980
4599 3002
7160 2872
4498 1627
5099 1565
3350 3591
7684 7503
9362 8489
1527 4298
6086 2824
6738 936
8740 4907
3972 4604
4544 2808
797 6940
1839 8544
606 9897
5396 2393
258 4677
5147 1552
3217 4672
9521 307
8777 5715
7539 7526
6058 4616
1556 9387
6404 3960
1188 9509
7947 8469
3259 1051
1938 9456
8499 8332
456 6647
6381 8642
6822 6491
997 8056
5066 7295
6992 3303
2614 7482
1612 5299
4080 3189
6339 7077
1306 6031
7108 2985
1775 2432
8644 4280
6741 9993
8921 8809
3028 5464
5044 8466
7487 6320
6524 662
3160 5576
2894 7512
3265 1363
8571 582
7366 1693
1176 9753
34 8428
7522 4971
1911 9682
2806 944
8600 2022
464 7529
2645 789
1769 713
4689 7733
1887 9267
1300 3590
2641 383
4553 7078
3681 3720
4931 1326
1011 1547
2591 8559
8237 7794
910 6934
1653 802
4934 1308
2459 9210
8616 3821
6248 6553
438 5948
1084 2127
1696 8554
2465 5375
4637 5052
3512 1987
6322 2162
7470 6771
3791 6533
9098 5773
9018 4303
904 8643
3282 1604
650 8603
6474 5519
1068 7003
6096 7274
2332 1538
796 5444
3863 3092
5741 5897
4109 5411
8966 6752
4068 322
858 3163
8213 9801
3718 18
9091 7999
1980 5848
3761 4058
8993 4967
4633 3128
8229 1844
2739 4495
3671 7967
2468 5645
3936 1649
8147 2631
4045 7007
9516 9751
4995 7414
5117 4606
1530 3131
4241 9693
8861 1916
3134 8254
1759 9510
5770 1056
7391 7594
4953 3905
4079 711
1862 9982
2207 9449
4399 5197
8321 9033
1214 9542
7894 9196
6927 1790
9122 7816
6565 5023
7392 2057
156 6134
319 2071
5872 7238
4937 8703
1175 853
387 7819
3782 1091
8124 1282
6163 3464
8320 7020
2136 2713
616 8058
4373 202
3861 4867
2469 2765
2250 6482
4850 702
9463 821
3034 6299
1910 2786
6065 4458
2326 5185
4621 2767
9954 3686
4149 3973
1061 546
1912 6269
7970 7990
4684 9184
4805 1970
8106 1483
3763 6764
1242 9438
9670 5031
4565 9096
1133 2709
5489 8956
6137 7125
1047 9381
1990 8168
4785 55
4119 7585
7480 8995
484 9316
4209 7553
8366 3650
5968 7710
886 4667
2 6509
2738 9948
1352 9324
1498 4237
6144 4941
7859 8586
1209 9567
1718 6489
739 4454
3178 7064
825 657
7888 539
9020 6327
4731 8875
8308 2828
2897 8611
991 3161
2903 2634
2420 1067
7009 6277
8907 5315
7452 3969
2912 8783
8426 7651
8424 7696
3299 282
6766 659
6510 7197
7571 191
3485 9754
1220 882
7092 8354
3785 378
9607 3943
4033 9563
166 6449
5303 381
2259 2653
1344 7524
111 1420
1687 390
2274 1489
1765 2392
2594 6609
1772 9621
4334 5994
4760 1934
4122 2075
6002 396
2737 5607
2672 5624
1324 2616
1096 4802
3138 6835
8891 7336
7038 1409
2025 8078
1867 7993
5855 3964
9246 3308
6888 7717
3137 3698
9500 6541
2646 9903
6102 8328
9812 3070
9450 6652
552 1089
1425 1151
316 9814
4207 9734
3319 6716
2441 1851
4204 6916
8953 6056
9540 1396
609 7976
8477 4803
1009 1671
4890 5941
8273 9494
6151 80
5146 9854
3068 5847
5989 3326
9636 8454
4262 1633
9131 4159
2745 7882
8533 9910
9523 9520
4475 8069
2604 2346
9927 6920
5076 1032
6996 3419
1053 409
2762 1710
4920 9891
8445 8050
2998 4670
3311 9025
1942 2962
2685 2007
7641 3069
6594 9829
7905 4827
6013 8848
7386 5836
5355 9492
2633 5734
8274 2719
3482 4848
4270 8748
8123 4659
8165 9114
824 3739
172 9962
7479 9223
3077 3702
9616 504
666 8403
5581 206
5569 452
6813 9656
522 5615
3580 1572
48 9575
2415 5195
9217 2701
4140 2803
5273 6552
1645 3130
1807 7667
9999 474
9214 9821
1345 5133
7261 2874
2901 7041
883 1386
5128 7293
145 878
1813 7600
2700 3330
9052 463
1564 9618
4882 9972
604 8460
8674 4685
3617 2647
4896 1215
9198 4180
8760 3929
5480 1614
9786 7158
4951 9314
5605 574
579 9613
8931 642
2965 2989
5675 4432
3890 6816
8266 3248
443 9745
3507 7772
6899 4224
4212 4190
7342 5604
8621 8535
3229 7279
6696 5140
1566 6676
4345 6898
8974 1491
9367 4898
51 2740
8682 4861
592 9147
7181 3578
5327 2736
4558 9912
8210 1254
8100 648
7356 4832
6660 1897
7218 4259
8567 9774
4809 1400
1411 8880
6908 6604
9278 315
4077 5001
7656 8775
1144 1095
7843 4121
425 4362
1755 9560
6352 9027
3367 5712
9030 3862
5203 2922
2895 7344
2184 9799
8481 8128
9471 3307
6472 4527
3158 5032
928 2095
8190 1895
2630 4687
4750 5451
8380 2205
2503 6814
1473 5253
3415 4464
8132 8105
7596 6026
559 8549
6624 8300
6488 9447
8706 4289
2553 1869
2638 726
4552 3354
5139 6409
1213 3033
1655 14
5517 9142
4441 3643
5243 2082
6794 3956
1590 4624
97 177
1506 3362
5306 6423
2937 2035
8797 4919
3037 7731
7062 3493
3670 1529
9746 6518
8789 9385
6777 4074
5564 5378
1072 8562
8954 7602
6904 4571
7162 2434
2555 1691
9580 3868
3925 3610
8752 9290
8018 1631
647 8316
1756 9632
1584 660
2773 9839
7037 4730
5155 2993
8164 2192
9035 6305
8093 2788
6496 3110
3800 7207
7538 8369
8798 167
92 913
6874 4095
3361 5041
1812 6902
6412 1929
543 5293
2310 9485
1792 2976
7074 2172
4678 7540
583 5779
2577 2565
920 6011
3310 1835
2471 7751
9973 9261
4082 9696
8270 5907
1097 1172
8778 977
8689 7673
1878 9537
4415 5726
33 9909
8441 2196
6745 7972
9719 9659
4356 266
9846 1926
5004 388
3053 8140
9828 1944
3039 786
448 7355
361 8609
4825 349
7091 7220
2087 8904
2549 5524
3408 7927
1924 9006
3818 6295
2644 8837
9081 8610
4435 4313
3815 7134
7447 7139
3333 5796
5908 95
4409 2573
6666 2626
1906 3242
8115 912
3737 9541
2964 8781
3633 8248
6945 4075
5850 8464
3256 4595
4327 9779
4763 6919
5661 6926
1057 8556
4977 1796
6243 3133
5685 2140
2312 6942
9803 1006
9489 88
1219 1018
6646 5896
2126 3567
1809 7119
1994 4881
2799 4007
3845 6359
545 4899
2564 8091
8415 4909
5772 3663
7823 589
8756 788
4712 1735
1365 9004
7936 8211
1882 101
755 7407
892 3689
292 1129
2122 3902
9050 9220
8701 4287
6040 8219
6001 5700
7145 6140
8595 5711
65 8195
4834 3399
1481 3116
8357 13
9150 6384
7247 2847
2596 3516
6558 6885
4529 1658
4239 9086
1115 252
4603 9730
1741 6740
1873 9871
1346 5627
6195 5154
6324 9342
941 6536
687 1271
428 4499
4273 9890
7750 7846
3805 979
194 611
5733 2913
5562 6954
4173 2832
4676 5899
2498 7170
7462 9472
6028 9836
1492 4329
2506 2046
6120 6781
9109 3078
2215 2758
1752 1803
9737 7046
1899 8558
9059 6020
2348 8761
7991 5129
791 599
4285 5760
3908 2550
1861 1601
1785 898
5204 6456
5215 250
2339 5252
2925 6728
1799 7583
1787 310
9826 7245
8796 7409
8414 8339
1543 3941
9735 2575
1866 7948
493 4063
3124 4418
7720 8807
7974 8345
8417 5714
501 8990
2619 2759
6517 860
6063 7966
5584 7384
1932 7219
6923 5609
9637 4738
5827 803
4326 7516
7089 4304
9256 7289
9297 2856
8612 2959
3040 402
697 4551
9200 5084
6887 7189
5721 9938
7881 9758
2280 6149
1493 9237
4064 8677
1413 4849
7278 338
572 2188
9626 4649
7141 6969
7096 6435
8011 7226
550 7459
6317 9552
8326 8570
1904 23
9108 1405
5978 440
4638 3325
9915 5455
6366 3913
6929 7168
3833 2508
8803 2005
8850 7587
7743 1666
6147 7604
2155 7645
117 9395
7523 60
1488 3231
6721 6090
8844 6010
9849 8043
6573 8305
5837 6179
327 7277
6105 66
1791 1593
364 6191
7395 8015
1953 4425
4765 4639
7631 3983
5832 8221
4325 7183
9657 5690
224 2938
5787 1190
7774 1893
9558 8910
7662 8824
9664 1836
686 4315
5428 8401
7131 4206
4601 8553
8371 9457
931 157
4296 3575
7240 1474
9374 8482
6452 9643
1888 6515
1507 6889
6559 5051
3424 6756
2027 7808
3548 581
9399 418
2009 3647
8365 5988
533 108
3395 8654
4016 4414
3352 9866
8821 7634
6757 2485
5294 271
7954 9896
7653 3571
1576 3568
385 4930
3579 9830
5331 2053
9546 9238
2490 5611
3196 8250
3957 2366
6060 4747
1750 6108
4900 188
5840 6914
6671 6082
2797 6692
5236 5038
9213 3755
9732 2509
1966 3489
479 7821
7944 5040
3765 9121
5420 7305
603 6895
9301 58
9055 4904
7378 3529
470 4367
8173 6718
4088 1178
7906 2327
3495 8241
4665 4386
4021 2807
9755 1210
4460 7873
1732 1403
6155 5538
2766 9022
4870 4626
27 9011
5631 8832
6670 6520
2320 2092
1408 7601
4269 4078
1098 1433
2158 2021
9564 2452
4144 2941
4792 4384
1989 5235
6156 6939
709 4982
9459 6921
2112 2769
6668 4514
1561 8026
7740 5769
5374 3807
2070 5213
2204 3458
6372 2750
413 9967
9115 4312
9577 5987
1503 6440
2707 1855
4009 8758
6490 2385
3616 845
526 5554
9361 6185
5094 3834
1106 7255
9183 9797
7890 1719
9313 1679
3029 7682
7438 3854
9850 441
1291 2714
5701 2236
8505 5805
9666 7055
2657 5467
9673 1335
8991 4863
189 2800
2404 511
1723 7375
2603 8283
8127 116
3934 1879
5123 9795
3302 783
8528 2470
7405 4749
5949 4446
8970 5923
6844 43
2972 6876
4562 3235
6545 7035
3664 9023
5747 4625
8337 9343
1239 6087
8166 2379
7201 8284
6806 6841
8620 4628
8927 6448
7965 2302
8347 2093
2744 2821
1702 6215
8588 5828
5594 7697
6542 6497
3405 7562
7014 8647
9744 3781
7532 8257
1573 5754
2101 9139
6464 6625
3199 8698
5623 2117
9339 6424
3076 9945
8967 4820
6793 8356
164 8855
9420 807
5413 3693
1695 9640
4830 3083
8984 6767
2688 535
3660 2934
4272 7546
9784 4958
6251 6792
2635 4947
5398 6617
3775 9177
9172 2278
1962 829
7275 132
8383 8092
6672 2860
7833 9941
710 4656
1331 9943
2720 674
8801 4124
5368 8840
5134 7464
7956 7403
5557 5260
3903 6612
8552 8148
9589 222
6724 832
7332 2457
218 9126
3460 8579
8075 5660
3989 7899
4158 2571
8624 4252
3459 525
4622 7891
9164 9318
3371 8723
3546 4516
3937 168
314 6131
1465 8196
5633 4030
9406 3931
3107 1632
9608 744
3457 8096
437 4590
5518 9015
2219 5771
1810 6600
3329 5551
5124 8400
151 1283
1010 7359
8243 4274
2620 3602
2928 8986
3225 5119
8442 8883
3542 553
1419 5759
6257 1194
6336 1150
3837 8745
995 243
8538 6127
4655 1177
5039 5400
3224 8271
2067 3811
6479 3394
3736 679
6952 6000
1546 8425
3113 615
4093 9491
5336 4183
6801 5376
5490 5744
9211 3437
1993 2844
7597 6493
4257 6511
9322 6620
7087 2950
2133 7267
4961 9441
3600 3059
9720 612
9026 8216
4474 830
3877 4388
841 7565
706 2932
5280 8666
7323 4178
4089 4866
9678 508
542 996
1731 4170
2149 5861
9698 2306
260 9128
5621 2352
4546 5385
6506 9327
2194 7340
5003 7608
5142 6205
682 2533
7657 3119
6029 1778
9190 5421
9671 1368
9860 360
4221 9466
5078 6753
5380 792
4836 4250
39 1797
1954 6052
5364 6434
4175 4485
259 5713
4818 5842
6937 1918
7698 2008
7242 5136
5951 123
2512 2939
2174 6786
4091 1174
5934 2927
7644 9572
9987 7810
6406 7288
6100 9041
5830 3581
563 5655
7011 1586
6639 7642
826 6356
444 4648
8767 4826
2703 1066
736 5971
442 9413
2258 3688
7886 2891
7432 554
1248 9708
2367 9418
6667 2796
765 7029
8825 749
3585 9029
8731 6329
8085 2132
2153 4888
6684 9785
3000 9384
1014 5561
3332 6498
3545 5957
3873 5478
1112 5447
5319 7076
555 3344
7675 2552
4057 5061
9869 2917
2079 1716
1936 3803
8087 6240
3418 8294
2131 1351
7468 2286
3714 785
7285 6274
8583 6427
8131 701
2997 2214
6557 1800
4666 3391
6499 1864
1746 7169
1925 5469
353 3639
3768 8108
59 857
356 8420
2522 457
8684 2862
3840 9712
9747 129
5344 5906
5885 9373
5337 4913
475 4143
8136 7660
4770 6050
6296 5025
4192 9425
4164 1712
7534 2852
5295 4520
4031 805
3543 7712
8971 6761
5560 3786
7836 1275
8854 5997
6400 9430
6700 8268
5763 3253
9630 1981
2363 4151
5395 8738
6998 7789
2810 454
4132 8384
5806 3050
4936 8939
9974 1971
1642 4200
6691 2516
9080 246
4006 3649
3691 9216
6206 3762
468 7260
2368 3838
7001 8523
4986 1609
5943 8515
3336 9700
3114 4316
6369 436
6758 9926
6862 9222
7591 9123
2488 5889
2421 933
8948 6653
9669 5723
1079 8236
8640 5597
1933 6661
654 6710
3120 6970
5097 3409
5180 5825
5300 4816
8504 6006
5093 8617
8831 6392
758 3819
4134 1442
3898 7463
1243 336
9631 248
8360 2129
5473 3772
7216 7494
4700 6948
63 1514
8872 4444
9354 8908
4343 8029
2958 2355
4776 6178
1422 6043
6293 3665
1983 5050
9571 4774
5186 5955
7703 1740
5530 6276
4555 5169
1686 6754
2222 3439
4397 5619
6601 1847
7814 5267
4060 1611
8853 2741
6534 0
7184 2365
240 9352
9877 8573
1777 3165
2466 8763
6610 5434
1598 8769
2637 3434
3456 629
3501 6649
7971 8021
367 6805
8244 6817
4707 2405
3644 7680
8067 1278
4147 7102
3484 6867
5804 40
955 9432
9483 1664
2328 5276
1193 690
1314 8205
7399 5438
6840 5545
6960 4915
909 1976
3725 7273
8264 8680
7686 3432
2261 745
7968 4073
9014 4480
1551 9842
0
