2000
0 1000
1 1001
2 1002
3 1003
4 1004
5 1005
6 1006
7 1007
8 1008
9 1009
10 1010
11 1011
12 1012
13 1013
14 1014
15 1015
16 1016
17 1017
18 1018
19 1019
20 1020
21 1021
22 1022
23 1023
24 1024
25 1025
26 1026
27 1027
28 1028
29 1029
30 1030
31 1031
32 1032
33 1033
34 1034
35 1035
36 1036
37 1037
38 1038
39 1039
40 1040
41 1041
42 1042
43 1043
44 1044
45 1045
46 1046
47 1047
48 1048
49 1049
50 1050
51 1051
52 1052
53 1053
54 1054
55 1055
56 1056
57 1057
58 1058
59 1059
60 1060
61 1061
62 1062
63 1063
64 1064
65 1065
66 1066
67 1067
68 1068
69 1069
70 1070
71 1071
72 1072
73 1073
74 1074
75 1075
76 1076
77 1077
78 1078
79 1079
80 1080
81 1081
82 1082
83 1083
84 1084
85 1085
86 1086
87 1087
88 1088
89 1089
90 1090
91 1091
92 1092
93 1093
94 1094
95 1095
96 1096
97 1097
98 1098
99 1099
100 1100
101 1101
102 1102
103 1103
104 1104
105 1105
106 1106
107 1107
108 1108
109 1109
110 1110
111 1111
112 1112
113 1113
114 1114
115 1115
116 1116
117 1117
118 1118
119 1119
120 1120
121 1121
122 1122
123 1123
124 1124
125 1125
126 1126
127 1127
128 1128
129 1129
130 1130
131 1131
132 1132
133 1133
134 1134
135 1135
136 1136
137 1137
138 1138
139 1139
140 1140
141 1141
142 1142
143 1143
144 1144
145 1145
146 1146
147 1147
148 1148
149 1149
150 1150
151 1151
152 1152
153 1153
154 1154
155 1155
156 1156
157 1157
158 1158
159 1159
160 1160
161 1161
162 1162
163 1163
164 1164
165 1165
166 1166
167 1167
168 1168
169 1169
170 1170
171 1171
172 1172
173 1173
174 1174
175 1175
176 1176
177 1177
178 1178
179 1179
180 1180
181 1181
182 1182
183 1183
184 1184
185 1185
186 1186
187 1187
188 1188
189 1189
190 1190
191 1191
192 1192
193 1193
194 1194
195 1195
196 1196
197 1197
198 1198
199 1199
200 1200
201 1201
202 1202
203 1203
204 1204
205 1205
206 1206
207 1207
208 1208
209 1209
210 1210
211 1211
212 1212
213 1213
214 1214
215 1215
216 1216
217 1217
218 1218
219 1219
220 1220
221 1221
222 1222
223 1223
224 1224
225 1225
226 1226
227 1227
228 1228
229 1229
230 1230
231 1231
232 1232
233 1233
234 1234
235 1235
236 1236
237 1237
238 1238
239 1239
240 1240
241 1241
242 1242
243 1243
244 1244
245 1245
246 1246
247 1247
248 1248
249 1249
250 1250
251 1251
252 1252
253 1253
254 1254
255 1255
256 1256
257 1257
258 1258
259 1259
260 1260
261 1261
262 1262
263 1263
264 1264
265 1265
266 1266
267 1267
268 1268
269 1269
270 1270
271 1271
272 1272
273 1273
274 1274
275 1275
276 1276
277 1277
278 1278
279 1279
280 1280
281 1281
282 1282
283 1283
284 1284
285 1285
286 1286
287 1287
288 1288
289 1289
290 1290
291 1291
292 1292
293 1293
294 1294
295 1295
296 1296
297 1297
298 1298
299 1299
300 1300
301 1301
302 1302
303 1303
304 1304
305 1305
306 1306
307 1307
308 1308
309 1309
310 1310
311 1311
312 1312
313 1313
314 1314
315 1315
316 1316
317 1317
318 1318
319 1319
320 1320
321 1321
322 1322
323 1323
324 1324
325 1325
326 1326
327 1327
328 1328
329 1329
330 1330
331 1331
332 1332
333 1333
334 1334
335 1335
336 1336
337 1337
338 1338
339 1339
340 1340
341 1341
342 1342
343 1343
344 1344
345 1345
346 1346
347 1347
348 1348
349 1349
350 1350
351 1351
352 1352
353 1353
354 1354
355 1355
356 1356
357 1357
358 1358
359 1359
360 1360
361 1361
362 1362
363 1363
364 1364
365 1365
366 1366
367 1367
368 1368
369 1369
370 1370
371 1371
372 1372
373 1373
374 1374
375 1375
376 1376
377 1377
378 1378
379 1379
380 1380
381 1381
382 1382
383 1383
384 1384
385 1385
386 1386
387 1387
388 1388
389 1389
390 1390
391 1391
392 1392
393 1393
394 1394
395 1395
396 1396
397 1397
398 1398
399 1399
400 1400
401 1401
402 1402
403 1403
404 1404
405 1405
406 1406
407 1407
408 1408
409 1409
410 1410
411 1411
412 1412
413 1413
414 1414
415 1415
416 1416
417 1417
418 1418
419 1419
420 1420
421 1421
422 1422
423 1423
424 1424
425 1425
426 1426
427 1427
428 1428
429 1429
430 1430
431 1431
432 1432
433 1433
434 1434
435 1435
436 1436
437 1437
438 1438
439 1439
440 1440
441 1441
442 1442
443 1443
444 1444
445 1445
446 1446
447 1447
448 1448
449 1449
450 1450
451 1451
452 1452
453 1453
454 1454
455 1455
456 1456
457 1457
458 1458
459 1459
460 1460
461 1461
462 1462
463 1463
464 1464
465 1465
466 1466
467 1467
468 1468
469 1469
470 1470
471 1471
472 1472
473 1473
474 1474
475 1475
476 1476
477 1477
478 1478
479 1479
480 1480
481 1481
482 1482
483 1483
484 1484
485 1485
486 1486
487 1487
488 1488
489 1489
490 1490
491 1491
492 1492
493 1493
494 1494
495 1495
496 1496
497 1497
498 1498
499 1499
500 1500
501 1501
502 1502
503 1503
504 1504
505 1505
506 1506
507 1507
508 1508
509 1509
510 1510
511 1511
512 1512
513 1513
514 1514
515 1515
516 1516
517 1517
518 1518
519 1519
520 1520
521 1521
522 1522
523 1523
524 1524
525 1525
526 1526
527 1527
528 1528
529 1529
530 1530
531 1531
532 1532
533 1533
534 1534
535 1535
536 1536
537 1537
538 1538
539 1539
540 1540
541 1541
542 1542
543 1543
544 1544
545 1545
546 1546
547 1547
548 1548
549 1549
550 1550
551 1551
552 1552
553 1553
554 1554
555 1555
556 1556
557 1557
558 1558
559 1559
560 1560
561 1561
562 1562
563 1563
564 1564
565 1565
566 1566
567 1567
568 1568
569 1569
570 1570
571 1571
572 1572
573 1573
574 1574
575 1575
576 1576
577 1577
578 1578
579 1579
580 1580
581 1581
582 1582
583 1583
584 1584
585 1585
586 1586
587 1587
588 1588
589 1589
590 1590
591 1591
592 1592
593 1593
594 1594
595 1595
596 1596
597 1597
598 1598
599 1599
600 1600
601 1601
602 1602
603 1603
604 1604
605 1605
606 1606
607 1607
608 1608
609 1609
610 1610
611 1611
612 1612
613 1613
614 1614
615 1615
616 1616
617 1617
618 1618
619 1619
620 1620
621 1621
622 1622
623 1623
624 1624
625 1625
626 1626
627 1627
628 1628
629 1629
630 1630
631 1631
632 1632
633 1633
634 1634
635 1635
636 1636
637 1637
638 1638
639 1639
640 1640
641 1641
642 1642
643 1643
644 1644
645 1645
646 1646
647 1647
648 1648
649 1649
650 1650
651 1651
652 1652
653 1653
654 1654
655 1655
656 1656
657 1657
658 1658
659 1659
660 1660
661 1661
662 1662
663 1663
664 1664
665 1665
666 1666
667 1667
668 1668
669 1669
670 1670
671 1671
672 1672
673 1673
674 1674
675 1675
676 1676
677 1677
678 1678
679 1679
680 1680
681 1681
682 1682
683 1683
684 1684
685 1685
686 1686
687 1687
688 1688
689 1689
690 1690
691 1691
692 1692
693 1693
694 1694
695 1695
696 1696
697 1697
698 1698
699 1699
700 1700
701 1701
702 1702
703 1703
704 1704
705 1705
706 1706
707 1707
708 1708
709 1709
710 1710
711 1711
712 1712
713 1713
714 1714
715 1715
716 1716
717 1717
718 1718
719 1719
720 1720
721 1721
722 1722
723 1723
724 1724
725 1725
726 1726
727 1727
728 1728
729 1729
730 1730
731 1731
732 1732
733 1733
734 1734
735 1735
736 1736
737 1737
738 1738
739 1739
740 1740
741 1741
742 1742
743 1743
744 1744
745 1745
746 1746
747 1747
748 1748
749 1749
750 1750
751 1751
752 1752
753 1753
754 1754
755 1755
756 1756
757 1757
758 1758
759 1759
760 1760
761 1761
762 1762
763 1763
764 1764
765 1765
766 1766
767 1767
768 1768
769 1769
770 1770
771 1771
772 1772
773 1773
774 1774
775 1775
776 1776
777 1777
778 1778
779 1779
780 1780
781 1781
782 1782
783 1783
784 1784
785 1785
786 1786
787 1787
788 1788
789 1789
790 1790
791 1791
792 1792
793 1793
794 1794
795 1795
796 1796
797 1797
798 1798
799 1799
800 1800
801 1801
802 1802
803 1803
804 1804
805 1805
806 1806
807 1807
808 1808
809 1809
810 1810
811 1811
812 1812
813 1813
814 1814
815 1815
816 1816
817 1817
818 1818
819 1819
820 1820
821 1821
822 1822
823 1823
824 1824
825 1825
826 1826
827 1827
828 1828
829 1829
830 1830
831 1831
832 1832
833 1833
834 1834
835 1835
836 1836
837 1837
838 1838
839 1839
840 1840
841 1841
842 1842
843 1843
844 1844
845 1845
846 1846
847 1847
848 1848
849 1849
850 1850
851 1851
852 1852
853 1853
854 1854
855 1855
856 1856
857 1857
858 1858
859 1859
860 1860
861 1861
862 1862
863 1863
864 1864
865 1865
866 1866
867 1867
868 1868
869 1869
870 1870
871 1871
872 1872
873 1873
874 1874
875 1875
876 1876
877 1877
878 1878
879 1879
880 1880
881 1881
882 1882
883 1883
884 1884
885 1885
886 1886
887 1887
888 1888
889 1889
890 1890
891 1891
892 1892
893 1893
894 1894
895 1895
896 1896
897 1897
898 1898
899 1899
900 1900
901 1901
902 1902
903 1903
904 1904
905 1905
906 1906
907 1907
908 1908
909 1909
910 1910
911 1911
912 1912
913 1913
914 1914
915 1915
916 1916
917 1917
918 1918
919 1919
920 1920
921 1921
922 1922
923 1923
924 1924
925 1925
926 1926
927 1927
928 1928
929 1929
930 1930
931 1931
932 1932
933 1933
934 1934
935 1935
936 1936
937 1937
938 1938
939 1939
940 1940
941 1941
942 1942
943 1943
944 1944
945 1945
946 1946
947 1947
948 1948
949 1949
950 1950
951 1951
952 1952
953 1953
954 1954
955 1955
956 1956
957 1957
958 1958
959 1959
960 1960
961 1961
962 1962
963 1963
964 1964
965 1965
966 1966
967 1967
968 1968
969 1969
970 1970
971 1971
972 1972
973 1973
974 1974
975 1975
976 1976
977 1977
978 1978
979 1979
980 1980
981 1981
982 1982
983 1983
984 1984
985 1985
986 1986
987 1987
988 1988
989 1989
990 1990
991 1991
992 1992
993 1993
994 1994
995 1995
996 1996
997 1997
998 1998
999 1999
0
