3000
0 2999
1 2998
2 2997
3 2996
4 2995
5 2994
6 2993
7 2992
8 2991
9 2990
10 2989
11 2988
12 2987
13 2986
14 2985
15 2984
16 2983
17 2982
18 2981
19 2980
20 2979
21 2978
22 2977
23 2976
24 2975
25 2974
26 2973
27 2972
28 2971
29 2970
30 2969
31 2968
32 2967
33 2966
34 2965
35 2964
36 2963
37 2962
38 2961
39 2960
40 2959
41 2958
42 2957
43 2956
44 2955
45 2954
46 2953
47 2952
48 2951
49 2950
50 2949
51 2948
52 2947
53 2946
54 2945
55 2944
56 2943
57 2942
58 2941
59 2940
60 2939
61 2938
62 2937
63 2936
64 2935
65 2934
66 2933
67 2932
68 2931
69 2930
70 2929
71 2928
72 2927
73 2926
74 2925
75 2924
76 2923
77 2922
78 2921
79 2920
80 2919
81 2918
82 2917
83 2916
84 2915
85 2914
86 2913
87 2912
88 2911
89 2910
90 2909
91 2908
92 2907
93 2906
94 2905
95 2904
96 2903
97 2902
98 2901
99 2900
100 2899
101 2898
102 2897
103 2896
104 2895
105 2894
106 2893
107 2892
108 2891
109 2890
110 2889
111 2888
112 2887
113 2886
114 2885
115 2884
116 2883
117 2882
118 2881
119 2880
120 2879
121 2878
122 2877
123 2876
124 2875
125 2874
126 2873
127 2872
128 2871
129 2870
130 2869
131 2868
132 2867
133 2866
134 2865
135 2864
136 2863
137 2862
138 2861
139 2860
140 2859
141 2858
142 2857
143 2856
144 2855
145 2854
146 2853
147 2852
148 2851
149 2850
150 2849
151 2848
152 2847
153 2846
154 2845
155 2844
156 2843
157 2842
158 2841
159 2840
160 2839
161 2838
162 2837
163 2836
164 2835
165 2834
166 2833
167 2832
168 2831
169 2830
170 2829
171 2828
172 2827
173 2826
174 2825
175 2824
176 2823
177 2822
178 2821
179 2820
180 2819
181 2818
182 2817
183 2816
184 2815
185 2814
186 2813
187 2812
188 2811
189 2810
190 2809
191 2808
192 2807
193 2806
194 2805
195 2804
196 2803
197 2802
198 2801
199 2800
200 2799
201 2798
202 2797
203 2796
204 2795
205 2794
206 2793
207 2792
208 2791
209 2790
210 2789
211 2788
212 2787
213 2786
214 2785
215 2784
216 2783
217 2782
218 2781
219 2780
220 2779
221 2778
222 2777
223 2776
224 2775
225 2774
226 2773
227 2772
228 2771
229 2770
230 2769
231 2768
232 2767
233 2766
234 2765
235 2764
236 2763
237 2762
238 2761
239 2760
240 2759
241 2758
242 2757
243 2756
244 2755
245 2754
246 2753
247 2752
248 2751
249 2750
250 2749
251 2748
252 2747
253 2746
254 2745
255 2744
256 2743
257 2742
258 2741
259 2740
260 2739
261 2738
262 2737
263 2736
264 2735
265 2734
266 2733
267 2732
268 2731
269 2730
270 2729
271 2728
272 2727
273 2726
274 2725
275 2724
276 2723
277 2722
278 2721
279 2720
280 2719
281 2718
282 2717
283 2716
284 2715
285 2714
286 2713
287 2712
288 2711
289 2710
290 2709
291 2708
292 2707
293 2706
294 2705
295 2704
296 2703
297 2702
298 2701
299 2700
300 2699
301 2698
302 2697
303 2696
304 2695
305 2694
306 2693
307 2692
308 2691
309 2690
310 2689
311 2688
312 2687
313 2686
314 2685
315 2684
316 2683
317 2682
318 2681
319 2680
320 2679
321 2678
322 2677
323 2676
324 2675
325 2674
326 2673
327 2672
328 2671
329 2670
330 2669
331 2668
332 2667
333 2666
334 2665
335 2664
336 2663
337 2662
338 2661
339 2660
340 2659
341 2658
342 2657
343 2656
344 2655
345 2654
346 2653
347 2652
348 2651
349 2650
350 2649
351 2648
352 2647
353 2646
354 2645
355 2644
356 2643
357 2642
358 2641
359 2640
360 2639
361 2638
362 2637
363 2636
364 2635
365 2634
366 2633
367 2632
368 2631
369 2630
370 2629
371 2628
372 2627
373 2626
374 2625
375 2624
376 2623
377 2622
378 2621
379 2620
380 2619
381 2618
382 2617
383 2616
384 2615
385 2614
386 2613
387 2612
388 2611
389 2610
390 2609
391 2608
392 2607
393 2606
394 2605
395 2604
396 2603
397 2602
398 2601
399 2600
400 2599
401 2598
402 2597
403 2596
404 2595
405 2594
406 2593
407 2592
408 2591
409 2590
410 2589
411 2588
412 2587
413 2586
414 2585
415 2584
416 2583
417 2582
418 2581
419 2580
420 2579
421 2578
422 2577
423 2576
424 2575
425 2574
426 2573
427 2572
428 2571
429 2570
430 2569
431 2568
432 2567
433 2566
434 2565
435 2564
436 2563
437 2562
438 2561
439 2560
440 2559
441 2558
442 2557
443 2556
444 2555
445 2554
446 2553
447 2552
448 2551
449 2550
450 2549
451 2548
452 2547
453 2546
454 2545
455 2544
456 2543
457 2542
458 2541
459 2540
460 2539
461 2538
462 2537
463 2536
464 2535
465 2534
466 2533
467 2532
468 2531
469 2530
470 2529
471 2528
472 2527
473 2526
474 2525
475 2524
476 2523
477 2522
478 2521
479 2520
480 2519
481 2518
482 2517
483 2516
484 2515
485 2514
486 2513
487 2512
488 2511
489 2510
490 2509
491 2508
492 2507
493 2506
494 2505
495 2504
496 2503
497 2502
498 2501
499 2500
500 2499
501 2498
502 2497
503 2496
504 2495
505 2494
506 2493
507 2492
508 2491
509 2490
510 2489
511 2488
512 2487
513 2486
514 2485
515 2484
516 2483
517 2482
518 2481
519 2480
520 2479
521 2478
522 2477
523 2476
524 2475
525 2474
526 2473
527 2472
528 2471
529 2470
530 2469
531 2468
532 2467
533 2466
534 2465
535 2464
536 2463
537 2462
538 2461
539 2460
540 2459
541 2458
542 2457
543 2456
544 2455
545 2454
546 2453
547 2452
548 2451
549 2450
550 2449
551 2448
552 2447
553 2446
554 2445
555 2444
556 2443
557 2442
558 2441
559 2440
560 2439
561 2438
562 2437
563 2436
564 2435
565 2434
566 2433
567 2432
568 2431
569 2430
570 2429
571 2428
572 2427
573 2426
574 2425
575 2424
576 2423
577 2422
578 2421
579 2420
580 2419
581 2418
582 2417
583 2416
584 2415
585 2414
586 2413
587 2412
588 2411
589 2410
590 2409
591 2408
592 2407
593 2406
594 2405
595 2404
596 2403
597 2402
598 2401
599 2400
600 2399
601 2398
602 2397
603 2396
604 2395
605 2394
606 2393
607 2392
608 2391
609 2390
610 2389
611 2388
612 2387
613 2386
614 2385
615 2384
616 2383
617 2382
618 2381
619 2380
620 2379
621 2378
622 2377
623 2376
624 2375
625 2374
626 2373
627 2372
628 2371
629 2370
630 2369
631 2368
632 2367
633 2366
634 2365
635 2364
636 2363
637 2362
638 2361
639 2360
640 2359
641 2358
642 2357
643 2356
644 2355
645 2354
646 2353
647 2352
648 2351
649 2350
650 2349
651 2348
652 2347
653 2346
654 2345
655 2344
656 2343
657 2342
658 2341
659 2340
660 2339
661 2338
662 2337
663 2336
664 2335
665 2334
666 2333
667 2332
668 2331
669 2330
670 2329
671 2328
672 2327
673 2326
674 2325
675 2324
676 2323
677 2322
678 2321
679 2320
680 2319
681 2318
682 2317
683 2316
684 2315
685 2314
686 2313
687 2312
688 2311
689 2310
690 2309
691 2308
692 2307
693 2306
694 2305
695 2304
696 2303
697 2302
698 2301
699 2300
700 2299
701 2298
702 2297
703 2296
704 2295
705 2294
706 2293
707 2292
708 2291
709 2290
710 2289
711 2288
712 2287
713 2286
714 2285
715 2284
716 2283
717 2282
718 2281
719 2280
720 2279
721 2278
722 2277
723 2276
724 2275
725 2274
726 2273
727 2272
728 2271
729 2270
730 2269
731 2268
732 2267
733 2266
734 2265
735 2264
736 2263
737 2262
738 2261
739 2260
740 2259
741 2258
742 2257
743 2256
744 2255
745 2254
746 2253
747 2252
748 2251
749 2250
750 2249
751 2248
752 2247
753 2246
754 2245
755 2244
756 2243
757 2242
758 2241
759 2240
760 2239
761 2238
762 2237
763 2236
764 2235
765 2234
766 2233
767 2232
768 2231
769 2230
770 2229
771 2228
772 2227
773 2226
774 2225
775 2224
776 2223
777 2222
778 2221
779 2220
780 2219
781 2218
782 2217
783 2216
784 2215
785 2214
786 2213
787 2212
788 2211
789 2210
790 2209
791 2208
792 2207
793 2206
794 2205
795 2204
796 2203
797 2202
798 2201
799 2200
800 2199
801 2198
802 2197
803 2196
804 2195
805 2194
806 2193
807 2192
808 2191
809 2190
810 2189
811 2188
812 2187
813 2186
814 2185
815 2184
816 2183
817 2182
818 2181
819 2180
820 2179
821 2178
822 2177
823 2176
824 2175
825 2174
826 2173
827 2172
828 2171
829 2170
830 2169
831 2168
832 2167
833 2166
834 2165
835 2164
836 2163
837 2162
838 2161
839 2160
840 2159
841 2158
842 2157
843 2156
844 2155
845 2154
846 2153
847 2152
848 2151
849 2150
850 2149
851 2148
852 2147
853 2146
854 2145
855 2144
856 2143
857 2142
858 2141
859 2140
860 2139
861 2138
862 2137
863 2136
864 2135
865 2134
866 2133
867 2132
868 2131
869 2130
870 2129
871 2128
872 2127
873 2126
874 2125
875 2124
876 2123
877 2122
878 2121
879 2120
880 2119
881 2118
882 2117
883 2116
884 2115
885 2114
886 2113
887 2112
888 2111
889 2110
890 2109
891 2108
892 2107
893 2106
894 2105
895 2104
896 2103
897 2102
898 2101
899 2100
900 2099
901 2098
902 2097
903 2096
904 2095
905 2094
906 2093
907 2092
908 2091
909 2090
910 2089
911 2088
912 2087
913 2086
914 2085
915 2084
916 2083
917 2082
918 2081
919 2080
920 2079
921 2078
922 2077
923 2076
924 2075
925 2074
926 2073
927 2072
928 2071
929 2070
930 2069
931 2068
932 2067
933 2066
934 2065
935 2064
936 2063
937 2062
938 2061
939 2060
940 2059
941 2058
942 2057
943 2056
944 2055
945 2054
946 2053
947 2052
948 2051
949 2050
950 2049
951 2048
952 2047
953 2046
954 2045
955 2044
956 2043
957 2042
958 2041
959 2040
960 2039
961 2038
962 2037
963 2036
964 2035
965 2034
966 2033
967 2032
968 2031
969 2030
970 2029
971 2028
972 2027
973 2026
974 2025
975 2024
976 2023
977 2022
978 2021
979 2020
980 2019
981 2018
982 2017
983 2016
984 2015
985 2014
986 2013
987 2012
988 2011
989 2010
990 2009
991 2008
992 2007
993 2006
994 2005
995 2004
996 2003
997 2002
998 2001
999 2000
1000 1999
1001 1998
1002 1997
1003 1996
1004 1995
1005 1994
1006 1993
1007 1992
1008 1991
1009 1990
1010 1989
1011 1988
1012 1987
1013 1986
1014 1985
1015 1984
1016 1983
1017 1982
1018 1981
1019 1980
1020 1979
1021 1978
1022 1977
1023 1976
1024 1975
1025 1974
1026 1973
1027 1972
1028 1971
1029 1970
1030 1969
1031 1968
1032 1967
1033 1966
1034 1965
1035 1964
1036 1963
1037 1962
1038 1961
1039 1960
1040 1959
1041 1958
1042 1957
1043 1956
1044 1955
1045 1954
1046 1953
1047 1952
1048 1951
1049 1950
1050 1949
1051 1948
1052 1947
1053 1946
1054 1945
1055 1944
1056 1943
1057 1942
1058 1941
1059 1940
1060 1939
1061 1938
1062 1937
1063 1936
1064 1935
1065 1934
1066 1933
1067 1932
1068 1931
1069 1930
1070 1929
1071 1928
1072 1927
1073 1926
1074 1925
1075 1924
1076 1923
1077 1922
1078 1921
1079 1920
1080 1919
1081 1918
1082 1917
1083 1916
1084 1915
1085 1914
1086 1913
1087 1912
1088 1911
1089 1910
1090 1909
1091 1908
1092 1907
1093 1906
1094 1905
1095 1904
1096 1903
1097 1902
1098 1901
1099 1900
1100 1899
1101 1898
1102 1897
1103 1896
1104 1895
1105 1894
1106 1893
1107 1892
1108 1891
1109 1890
1110 1889
1111 1888
1112 1887
1113 1886
1114 1885
1115 1884
1116 1883
1117 1882
1118 1881
1119 1880
1120 1879
1121 1878
1122 1877
1123 1876
1124 1875
1125 1874
1126 1873
1127 1872
1128 1871
1129 1870
1130 1869
1131 1868
1132 1867
1133 1866
1134 1865
1135 1864
1136 1863
1137 1862
1138 1861
1139 1860
1140 1859
1141 1858
1142 1857
1143 1856
1144 1855
1145 1854
1146 1853
1147 1852
1148 1851
1149 1850
1150 1849
1151 1848
1152 1847
1153 1846
1154 1845
1155 1844
1156 1843
1157 1842
1158 1841
1159 1840
1160 1839
1161 1838
1162 1837
1163 1836
1164 1835
1165 1834
1166 1833
1167 1832
1168 1831
1169 1830
1170 1829
1171 1828
1172 1827
1173 1826
1174 1825
1175 1824
1176 1823
1177 1822
1178 1821
1179 1820
1180 1819
1181 1818
1182 1817
1183 1816
1184 1815
1185 1814
1186 1813
1187 1812
1188 1811
1189 1810
1190 1809
1191 1808
1192 1807
1193 1806
1194 1805
1195 1804
1196 1803
1197 1802
1198 1801
1199 1800
1200 1799
1201 1798
1202 1797
1203 1796
1204 1795
1205 1794
1206 1793
1207 1792
1208 1791
1209 1790
1210 1789
1211 1788
1212 1787
1213 1786
1214 1785
1215 1784
1216 1783
1217 1782
1218 1781
1219 1780
1220 1779
1221 1778
1222 1777
1223 1776
1224 1775
1225 1774
1226 1773
1227 1772
1228 1771
1229 1770
1230 1769
1231 1768
1232 1767
1233 1766
1234 1765
1235 1764
1236 1763
1237 1762
1238 1761
1239 1760
1240 1759
1241 1758
1242 1757
1243 1756
1244 1755
1245 1754
1246 1753
1247 1752
1248 1751
1249 1750
1250 1749
1251 1748
1252 1747
1253 1746
1254 1745
1255 1744
1256 1743
1257 1742
1258 1741
1259 1740
1260 1739
1261 1738
1262 1737
1263 1736
1264 1735
1265 1734
1266 1733
1267 1732
1268 1731
1269 1730
1270 1729
1271 1728
1272 1727
1273 1726
1274 1725
1275 1724
1276 1723
1277 1722
1278 1721
1279 1720
1280 1719
1281 1718
1282 1717
1283 1716
1284 1715
1285 1714
1286 1713
1287 1712
1288 1711
1289 1710
1290 1709
1291 1708
1292 1707
1293 1706
1294 1705
1295 1704
1296 1703
1297 1702
1298 1701
1299 1700
1300 1699
1301 1698
1302 1697
1303 1696
1304 1695
1305 1694
1306 1693
1307 1692
1308 1691
1309 1690
1310 1689
1311 1688
1312 1687
1313 1686
1314 1685
1315 1684
1316 1683
1317 1682
1318 1681
1319 1680
1320 1679
1321 1678
1322 1677
1323 1676
1324 1675
1325 1674
1326 1673
1327 1672
1328 1671
1329 1670
1330 1669
1331 1668
1332 1667
1333 1666
1334 1665
1335 1664
1336 1663
1337 1662
1338 1661
1339 1660
1340 1659
1341 1658
1342 1657
1343 1656
1344 1655
1345 1654
1346 1653
1347 1652
1348 1651
1349 1650
1350 1649
1351 1648
1352 1647
1353 1646
1354 1645
1355 1644
1356 1643
1357 1642
1358 1641
1359 1640
1360 1639
1361 1638
1362 1637
1363 1636
1364 1635
1365 1634
1366 1633
1367 1632
1368 1631
1369 1630
1370 1629
1371 1628
1372 1627
1373 1626
1374 1625
1375 1624
1376 1623
1377 1622
1378 1621
1379 1620
1380 1619
1381 1618
1382 1617
1383 1616
1384 1615
1385 1614
1386 1613
1387 1612
1388 1611
1389 1610
1390 1609
1391 1608
1392 1607
1393 1606
1394 1605
1395 1604
1396 1603
1397 1602
1398 1601
1399 1600
1400 1599
1401 1598
1402 1597
1403 1596
1404 1595
1405 1594
1406 1593
1407 1592
1408 1591
1409 1590
1410 1589
1411 1588
1412 1587
1413 1586
1414 1585
1415 1584
1416 1583
1417 1582
1418 1581
1419 1580
1420 1579
1421 1578
1422 1577
1423 1576
1424 1575
1425 1574
1426 1573
1427 1572
1428 1571
1429 1570
1430 1569
1431 1568
1432 1567
1433 1566
1434 1565
1435 1564
1436 1563
1437 1562
1438 1561
1439 1560
1440 1559
1441 1558
1442 1557
1443 1556
1444 1555
1445 1554
1446 1553
1447 1552
1448 1551
1449 1550
1450 1549
1451 1548
1452 1547
1453 1546
1454 1545
1455 1544
1456 1543
1457 1542
1458 1541
1459 1540
1460 1539
1461 1538
1462 1537
1463 1536
1464 1535
1465 1534
1466 1533
1467 1532
1468 1531
1469 1530
1470 1529
1471 1528
1472 1527
1473 1526
1474 1525
1475 1524
1476 1523
1477 1522
1478 1521
1479 1520
1480 1519
1481 1518
1482 1517
1483 1516
1484 1515
1485 1514
1486 1513
1487 1512
1488 1511
1489 1510
1490 1509
1491 1508
1492 1507
1493 1506
1494 1505
1495 1504
1496 1503
1497 1502
1498 1501
1499 1500
0
