# 1000 data points
# index number
0 3294
1 3389
2 4208
3 4366
4 4393
5 7982
6 8008
7 9250
8 9546
9 10188
10 11944
11 13331
12 14345
13 15471
14 16327
15 17082
16 18275
17 19016
18 21001
19 26263
20 26935
21 27346
22 27534
23 28779
24 29135
25 29686
26 29823
27 30891
28 31068
29 31780
30 32676
31 32709
32 33172
33 34263
34 35140
35 35289
36 38338
37 38853
38 39571
39 41197
40 41818
41 41880
42 42176
43 42888
44 43567
45 44955
46 45556
47 46985
48 47588
49 50039
50 50225
51 50874
52 52693
53 57618
54 59514
55 61318
56 61605
57 63229
58 63660
59 63959
60 67847
61 68184
62 68345
63 68378
64 68535
65 68998
66 70042
67 70893
68 71276
69 72599
70 72922
71 74178
72 75038
73 75505
74 75762
75 75951
76 76031
77 76077
78 76101
79 76592
80 76714
81 79702
82 80414
83 81285
84 81544
85 82779
86 82860
87 83097
88 84253
89 86034
90 87506
91 88533
92 89315
93 89625
94 89663
95 91340
96 91465
97 91483
98 92387
99 93674
100 94635
101 95484
102 97357
103 97667
104 97711
105 97886
106 98043
107 98744
108 100233
109 100938
110 100977
111 101070
112 102258
113 102640
114 103255
115 103924
116 106887
117 107674
118 110133
119 110503
120 110938
121 112575
122 117567
123 117818
124 118591
125 120129
126 120311
127 120632
128 121449
129 124048
130 125975
131 126510
132 127711
133 129413
134 131018
135 132495
136 132561
137 134244
138 134423
139 134577
140 134995
141 135116
142 136060
143 138048
144 138370
145 140443
146 140490
147 140970
148 141353
149 143591
150 143870
151 147037
152 147485
153 148139
154 149683
155 150341
156 150554
157 151782
158 156163
159 156458
160 157370
161 159046
162 159851
163 160226
164 162275
165 163799
166 163962
167 165512
168 169123
169 170259
170 171044
171 171571
172 172906
173 173659
174 174378
175 174699
176 175395
177 175713
178 175803
179 176140
180 177000
181 179790
182 180243
183 181719
184 181727
185 183586
186 183974
187 184017
188 189735
189 190446
190 192163
191 192849
192 192933
193 194683
194 196505
195 197487
196 200239
197 200364
198 200495
199 201437
200 203947
201 205077
202 205717
203 207209
204 208775
205 210038
206 212673
207 213176
208 213494
209 213631
210 215298
211 215733
212 215978
213 216506
214 216863
215 217151
216 218012
217 220791
218 224500
219 224506
220 225762
221 228566
222 229545
223 229565
224 230176
225 231008
226 231429
227 232121
228 232646
229 233826
230 234637
231 235747
232 237960
233 238278
234 239053
235 239527
236 241282
237 242968
238 243200
239 243529
240 244287
241 245162
242 246058
243 246474
244 248438
245 248749
246 251581
247 251662
248 252046
249 252499
250 252752
251 253186
252 253815
253 254873
254 255284
255 255834
256 256479
257 257645
258 257973
259 258586
260 259468
261 260051
262 262258
263 262319
264 263266
265 265679
266 267354
267 267435
268 267904
269 270163
270 270246
271 272953
272 274368
273 275339
274 277540
275 280770
276 281351
277 281567
278 282482
279 282617
280 282785
281 283925
282 285470
283 287854
284 288146
285 290209
286 294369
287 294543
288 294834
289 295257
290 296375
291 296394
292 297947
293 298581
294 301595
295 302721
296 304905
297 305146
298 307167
299 309139
300 310771
301 310856
302 310984
303 311265
304 311803
305 312991
306 314351
307 316098
308 316980
309 318342
310 319911
311 320731
312 320740
313 323291
314 323693
315 324281
316 324867
317 326827
318 328930
319 329312
320 330659
321 332005
322 332968
323 333353
324 333712
325 333841
326 334199
327 335666
328 335890
329 336521
330 338908
331 340703
332 341332
333 341672
334 343067
335 343351
336 344784
337 345614
338 346645
339 347730
340 347798
341 348523
342 348974
343 349088
344 349157
345 349610
346 349914
347 350090
348 350999
349 351201
350 351759
351 351882
352 352648
353 352953
354 354919
355 356479
356 357355
357 358180
358 358318
359 359802
360 360494
361 361235
362 362734
363 363625
364 364514
365 365042
366 365389
367 367868
368 368218
369 368946
370 369219
371 369285
372 369433
373 369954
374 370097
375 370686
376 370726
377 371083
378 371142
379 372504
380 377010
381 378216
382 379427
383 379996
384 382443
385 383184
386 383920
387 384807
388 385035
389 385737
390 387357
391 387596
392 387754
393 389430
394 392149
395 393381
396 394554
397 394880
398 396020
399 399297
400 400362
401 401338
402 402087
403 402638
404 403469
405 407069
406 409373
407 409701
408 409976
409 410013
410 410424
411 410979
412 411149
413 411526
414 411573
415 413235
416 415455
417 417474
418 419063
419 420690
420 423539
421 424885
422 425476
423 425478
424 426599
425 430471
426 431255
427 432256
428 432388
429 433975
430 434230
431 435422
432 436990
433 437828
434 438416
435 439651
436 440712
437 441674
438 442811
439 443384
440 444014
441 444652
442 446969
443 447044
444 447367
445 447838
446 448509
447 451933
448 452211
449 452518
450 453649
451 455348
452 455619
453 455890
454 457790
455 458583
456 458907
457 460163
458 460672
459 461816
460 463391
461 464689
462 467153
463 469486
464 469864
465 470614
466 470628
467 471879
468 472542
469 472997
470 473404
471 475212
472 475469
473 475603
474 476912
475 478081
476 478273
477 480214
478 480821
479 483134
480 483167
481 485081
482 487404
483 491943
484 492159
485 492288
486 492648
487 493706
488 495729
489 497254
490 498254
491 499615
492 500532
493 500558
494 502714
495 503082
496 503491
497 505631
498 508019
499 508152
500 508662
501 509446
502 510406
503 510886
504 511907
505 512254
506 512937
507 515659
508 515956
509 516555
510 517664
511 521155
512 521594
513 522273
514 522990
515 523303
516 525939
517 526251
518 527609
519 527947
520 528682
521 529427
522 529450
523 529891
524 530221
525 530231
526 530512
527 533060
528 533756
529 533783
530 534507
531 538582
532 539245
533 539557
534 540143
535 541306
536 541339
537 542510
538 542974
539 543563
540 543898
541 544888
542 545761
543 547292
544 547542
545 548273
546 549604
547 550770
548 551475
549 551528
550 551632
551 552160
552 552386
553 553547
554 553902
555 554996
556 556164
557 560135
558 560971
559 562661
560 563911
561 565890
562 566221
563 566903
564 568127
565 568647
566 568751
567 570039
568 570522
569 571638
570 572859
571 573903
572 576787
573 577494
574 577593
575 578032
576 579035
577 579584
578 580128
579 580432
580 583338
581 583406
582 584045
583 584459
584 584514
585 585946
586 586261
587 586755
588 587372
589 588695
590 589844
591 590193
592 591903
593 592523
594 593158
595 593781
596 595217
597 598061
598 598258
599 600551
600 600999
601 601540
602 601810
603 603424
604 604523
605 605170
606 608730
607 609434
608 610238
609 610573
610 610708
611 610973
612 611745
613 612450
614 615041
615 615315
616 617794
617 620065
618 620799
619 621710
620 622391
621 622662
622 623000
623 625627
624 625731
625 626051
626 627811
627 627838
628 627887
629 628924
630 631167
631 632119
632 634190
633 634693
634 639271
635 640226
636 641057
637 641342
638 641743
639 642920
640 644471
641 644790
642 646861
643 647137
644 648503
645 648520
646 649146
647 649557
648 651963
649 653089
650 654275
651 656107
652 656371
653 656443
654 658063
655 658876
656 659183
657 660299
658 661525
659 661656
660 661707
661 662302
662 664363
663 664808
664 665882
665 667859
666 670082
667 670086
668 672684
669 672799
670 673156
671 675112
672 679229
673 679361
674 679393
675 679945
676 680774
677 681415
678 683273
679 684058
680 685736
681 685964
682 688521
683 689248
684 689459
685 689863
686 690215
687 690381
688 691316
689 691698
690 692960
691 693314
692 693489
693 695037
694 695065
695 695890
696 696034
697 697161
698 697949
699 700967
700 701723
701 703713
702 703951
703 709993
704 710490
705 710619
706 711009
707 711826
708 711924
709 712521
710 712948
711 713647
712 715440
713 715566
714 715655
715 716845
716 718562
717 720230
718 720675
719 723358
720 723966
721 727130
722 727306
723 727464
724 727489
725 727592
726 727655
727 729691
728 729747
729 730312
730 731775
731 731842
732 733035
733 735440
734 735523
735 736164
736 736337
737 737148
738 737800
739 738749
740 739751
741 741835
742 742297
743 743810
744 745294
745 745400
746 745858
747 746198
748 747260
749 747547
750 748702
751 751857
752 752407
753 755262
754 756935
755 757079
756 758034
757 760129
758 761940
759 761997
760 764069
761 764501
762 764802
763 768062
764 769071
765 770216
766 773534
767 773665
768 773678
769 774082
770 775547
771 777484
772 777641
773 778094
774 780470
775 781326
776 781987
777 782753
778 783911
779 784179
780 787748
781 788437
782 789040
783 790233
784 790678
785 790805
786 791541
787 792635
788 792686
789 793839
790 794061
791 794590
792 797093
793 797601
794 798704
795 799606
796 800921
797 801449
798 801863
799 804448
800 804727
801 807256
802 808053
803 808302
804 809077
805 809111
806 809451
807 809984
808 810706
809 810754
810 811329
811 811346
812 811353
813 813741
814 814999
815 817128
816 819276
817 820705
818 821798
819 822762
820 823665
821 823924
822 824316
823 824575
824 829254
825 829522
826 830439
827 831100
828 833086
829 833104
830 834466
831 834844
832 835613
833 835715
834 836363
835 836593
836 836608
837 836872
838 837924
839 841356
840 841929
841 842013
842 842522
843 846175
844 846604
845 848045
846 850007
847 850250
848 851041
849 852443
850 852760
851 855318
852 856560
853 857400
854 857779
855 859150
856 860270
857 860526
858 860676
859 860676
860 860940
861 862842
862 863961
863 864960
864 866072
865 866169
866 866252
867 867177
868 868962
869 869414
870 869579
871 870230
872 870445
873 871384
874 871833
875 871977
876 872648
877 874191
878 874856
879 876671
880 877241
881 877711
882 878128
883 879036
884 879915
885 880271
886 880441
887 880541
888 883929
889 886441
890 889175
891 889247
892 889940
893 890004
894 891135
895 892644
896 894571
897 895011
898 895246
899 896555
900 900160
901 901284
902 901383
903 901543
904 903065
905 906380
906 906659
907 907813
908 908608
909 913068
910 915110
911 915227
912 915812
913 919944
914 921858
915 924307
916 924554
917 925650
918 926247
919 927580
920 928055
921 930303
922 933819
923 934992
924 936223
925 936400
926 936550
927 937102
928 937645
929 939447
930 939735
931 940934
932 942033
933 942798
934 943559
935 944237
936 945317
937 946175
938 947229
939 947355
940 947613
941 948156
942 948478
943 949232
944 949411
945 950240
946 950560
947 951217
948 951319
949 954356
950 955189
951 957398
952 957401
953 958094
954 958537
955 958937
956 961095
957 961779
958 963188
959 963893
960 964050
961 966777
962 967141
963 968304
964 970562
965 972846
966 973141
967 973487
968 974018
969 974654
970 974752
971 975227
972 976100
973 978356
974 978796
975 979305
976 979855
977 979893
978 981789
979 981987
980 983618
981 984066
982 984707
983 985556
984 986803
985 988148
986 989234
987 993190
988 993216
989 993439
990 993890
991 994153
992 994417
993 995353
994 995837
995 996029
996 996100
997 997266
998 997668
999 998585
