# 1000 data points
# index number
0 369433
1 930303
2 656443
3 675112
4 591903
5 958094
6 200495
7 483167
8 552386
9 387754
10 644471
11 528682
12 348523
13 880441
14 658063
15 311803
16 487404
17 979855
18 937645
19 363625
20 75038
21 409701
22 879036
23 89663
24 4393
25 654275
26 370686
27 789040
28 777484
29 174378
30 833086
31 850007
32 729691
33 411149
34 138370
35 401338
36 690215
37 9546
38 310856
39 384807
40 63229
41 92387
42 369219
43 974654
44 79702
45 592523
46 461816
47 14345
48 508019
49 527609
50 659183
51 68535
52 458583
53 117567
54 695890
55 338908
56 437828
57 3294
58 344784
59 997266
60 442811
61 746198
62 410424
63 19016
64 409373
65 757079
66 948478
67 817128
68 583338
69 820705
70 860526
71 483134
72 552160
73 215733
74 538582
75 231008
76 508662
77 860676
78 503491
79 345614
80 402087
81 993216
82 711924
83 84253
84 625731
85 175803
86 316980
87 232646
88 784179
89 244287
90 529450
91 431255
92 444014
93 522990
94 915812
95 660299
96 995353
97 829522
98 13331
99 989234
100 311265
101 611745
102 773665
103 586261
104 589844
105 889175
106 748702
107 163799
108 979305
109 419063
110 493706
111 265679
112 527947
113 846175
114 723966
115 730312
116 954356
117 213494
118 866072
119 81544
120 312991
121 562661
122 790678
123 685736
124 28779
125 907813
126 400362
127 91340
128 11944
129 359802
130 27346
131 747547
132 739751
133 860676
134 127711
135 134244
136 731842
137 877241
138 851041
139 469486
140 755262
141 529891
142 729747
143 476912
144 207209
145 296375
146 936550
147 968304
148 348974
149 443384
150 470628
151 140970
152 642920
153 280770
154 874856
155 811346
156 192849
157 798704
158 983618
159 251581
160 852443
161 97357
162 31068
163 701723
164 670086
165 627838
166 695037
167 974018
168 33172
169 773678
170 246474
171 215978
172 790805
173 871384
174 556164
175 863961
176 228566
177 819276
178 870230
179 998585
180 579035
181 894571
182 797601
183 747260
184 641057
185 993439
186 103255
187 498254
188 491943
189 947355
190 620799
191 566221
192 480214
193 836872
194 790233
195 542974
196 30891
197 821798
198 97886
199 981987
200 957398
201 201437
202 605170
203 793839
204 208775
205 492159
206 63660
207 906380
208 371142
209 809984
210 41818
211 392149
212 949232
213 836608
214 452518
215 551632
216 966777
217 957401
218 742297
219 919944
220 810706
221 634190
222 358318
223 32676
224 399297
225 824316
226 475603
227 131018
228 651963
229 906659
230 76592
231 34263
232 180243
233 516555
234 512254
235 777641
236 985556
237 332005
238 526251
239 563911
240 447367
241 866252
242 232121
243 257645
244 801863
245 895011
246 741835
247 351759
248 760129
249 234637
250 549604
251 737148
252 588695
253 159851
254 577593
255 29686
256 394554
257 41880
258 143591
259 866169
260 120129
261 550770
262 371083
263 824575
264 787748
265 515956
266 539245
267 197487
268 343067
269 809077
270 76714
271 134423
272 365389
273 200364
274 804448
275 943559
276 351201
277 358180
278 298581
279 21001
280 974752
281 89625
282 995837
283 761940
284 3389
285 653089
286 727130
287 349088
288 541339
289 871833
290 517664
291 846604
292 217151
293 716845
294 715655
295 29823
296 368946
297 649146
298 241282
299 720675
300 347798
301 973487
302 120311
303 584514
304 711009
305 679945
306 573903
307 775547
308 349914
309 175713
310 71276
311 35289
312 855318
313 140490
314 662302
315 781987
316 610238
317 695065
318 42888
319 950240
320 984707
321 639271
322 570522
323 310771
324 439651
325 693489
326 447044
327 323291
328 503082
329 233826
330 580128
331 243529
332 216863
333 727306
334 986803
335 852760
336 349157
337 997668
338 727464
339 328930
340 87506
341 148139
342 176140
343 97667
344 59514
345 764069
346 314351
347 44955
348 939735
349 260051
350 756935
351 937102
352 988148
353 533783
354 407069
355 864960
356 101070
357 568127
358 225762
359 735523
360 141353
361 175395
362 272953
363 393381
364 831100
365 610973
366 320731
367 625627
368 544888
369 469864
370 294834
371 736337
372 220791
373 808053
374 112575
375 360494
376 924554
377 254873
378 150554
379 903065
380 551528
381 472542
382 294369
383 257973
384 751857
385 410013
386 948156
387 996029
388 515659
389 641342
390 370726
391 862842
392 383184
393 690381
394 566903
395 440712
396 955189
397 656107
398 709993
399 86034
400 103924
401 964050
402 670082
403 530512
404 936400
405 492648
406 841929
407 745294
408 378216
409 237960
410 727655
411 117818
412 45556
413 680774
414 958537
415 627887
416 500532
417 967141
418 915110
419 369285
420 764501
421 282617
422 307167
423 423539
424 147037
425 533756
426 939447
427 121449
428 664808
429 804727
430 52693
431 134577
432 32709
433 455348
434 684058
435 522273
436 945317
437 107674
438 229545
439 860270
440 994417
441 835715
442 61318
443 324867
444 530221
445 346645
446 604523
447 173659
448 340703
449 807256
450 615041
451 411526
452 543563
453 727489
454 627811
455 661707
456 235747
457 230176
458 224506
459 869414
460 480821
461 394880
462 162275
463 583406
464 218012
465 711826
466 727592
467 213631
468 809451
469 82779
470 350090
471 15471
472 693314
473 88533
474 402638
475 159046
476 47588
477 252046
478 800921
479 301595
480 387596
481 872648
482 26935
483 679229
484 593781
485 316098
486 267354
487 98744
488 296394
489 809111
490 664363
491 958937
492 710490
493 212673
494 110938
495 822762
496 626051
497 608730
498 425478
499 246058
500 100233
501 18275
502 156163
503 835613
504 585946
505 129413
506 190446
507 539557
508 455619
509 521594
510 979893
511 287854
512 661525
513 761997
514 688521
515 511907
516 213176
517 673156
518 290209
519 132495
520 174699
521 543898
522 387357
523 57618
524 495729
525 610708
526 811329
527 460163
528 521155
529 571638
530 361235
531 383920
532 889247
533 523303
534 10188
535 970562
536 463391
537 612450
538 679393
539 615315
540 267435
541 961779
542 75505
543 91465
544 253815
545 425476
546 883929
547 470614
548 350999
549 329312
550 791541
551 984066
552 163962
553 194683
554 811353
555 689248
556 68378
557 192933
558 336521
559 432256
560 203947
561 648503
562 352648
563 533060
564 70893
565 745400
566 579584
567 403469
568 430471
569 895246
570 743810
571 870445
572 947613
573 216506
574 150341
575 890004
576 262258
577 738749
578 632119
579 61605
580 783911
581 283925
582 411573
583 492288
584 648520
585 255284
586 472997
587 106887
588 712521
589 565890
590 478273
591 89315
592 769071
593 710619
594 778094
595 294543
596 17082
597 91483
598 595217
599 856560
600 183974
601 475212
602 357355
603 889940
604 165512
605 239053
606 510406
607 837924
608 996100
609 455890
610 976100
611 245162
612 874191
613 9250
614 963188
615 255834
616 641743
617 703951
618 782753
619 76101
620 933819
621 656371
622 43567
623 752407
624 382443
625 282482
626 453649
627 553547
628 63959
629 640226
630 973141
631 794590
632 435422
633 179790
634 248438
635 285470
636 505631
637 580432
638 808302
639 547542
640 950560
641 41197
642 72922
643 229565
644 409976
645 396020
646 672799
647 623000
648 718562
649 758034
650 205717
651 68345
652 335890
653 95484
654 389430
655 243200
656 578032
657 500558
658 560971
659 603424
660 330659
661 745858
662 799606
663 525939
664 978356
665 610573
666 231429
667 281351
668 134995
669 994153
670 634693
671 792686
672 50874
673 879915
674 584459
675 50225
676 27534
677 140443
678 534507
679 29135
680 842522
681 132561
682 368218
683 364514
684 703713
685 169123
686 696034
687 886441
688 74178
689 700967
690 125975
691 304905
692 370097
693 333353
694 679361
695 901383
696 900160
697 341332
698 713647
699 460672
700 927580
701 857400
702 98043
703 934992
704 665882
705 367868
706 868962
707 433975
708 715566
709 72599
710 277540
711 181727
712 587372
713 302721
714 590193
715 568647
716 794061
717 834844
718 478081
719 485081
720 609434
721 136060
722 548273
723 780470
724 151782
725 385035
726 947229
727 110503
728 438416
729 369954
730 878128
731 171571
732 545761
733 908608
734 892644
735 572859
736 891135
737 379996
738 473404
739 448509
740 901543
741 926247
742 446969
743 593158
744 253186
745 270246
746 343351
747 31780
748 332968
749 305146
750 834466
751 768062
752 297947
753 319911
754 681415
755 143870
756 876671
757 118591
758 242968
759 75762
760 981789
761 324281
762 42176
763 93674
764 978796
765 801449
766 354919
767 913068
768 601540
769 617794
770 426599
771 436990
772 620065
773 50039
774 97711
775 961095
776 377010
777 333712
778 135116
779 685964
780 720230
781 697161
782 936223
783 810754
784 4366
785 502714
786 963893
787 764802
788 124048
789 356479
790 949411
791 944237
792 715440
793 921858
794 691698
795 464689
796 38338
797 975227
798 8008
799 365042
800 773534
801 335666
802 833104
803 737800
804 263266
805 560135
806 601810
807 896555
808 138048
809 362734
810 318342
811 788437
812 940934
813 248749
814 252752
815 928055
816 238278
817 774082
818 100938
819 568751
820 830439
821 586755
822 993890
823 177000
824 410979
825 183586
826 691316
827 467153
828 310984
829 341672
830 94635
831 857779
832 576787
833 946175
834 267904
835 689459
836 413235
837 434230
838 68998
839 499615
840 157370
841 76077
842 326827
843 75951
844 184017
845 600999
846 16327
847 540143
848 68184
849 295257
850 797093
851 871977
852 600551
853 215298
854 512937
855 736164
856 860940
857 901284
858 170259
859 275339
860 67847
861 288146
862 598258
863 379427
864 735440
865 4208
866 471879
867 420690
868 256479
869 46985
870 880541
871 282785
872 192163
873 823665
874 836593
875 829254
876 667859
877 647137
878 424885
879 510886
880 554996
881 160226
882 39571
883 251662
884 850250
885 509446
886 880271
887 869579
888 457790
889 859150
890 584045
891 262319
892 631167
893 497254
894 252499
895 239527
896 658876
897 70042
898 848045
899 925650
900 80414
901 646861
902 836363
903 942033
904 224500
905 372504
906 352953
907 347730
908 172906
909 447838
910 83097
911 458907
912 205077
913 385737
914 432388
915 951217
916 281567
917 733035
918 598061
919 993190
920 417474
921 309139
922 451933
923 867177
924 697949
925 82860
926 38853
927 553902
928 842013
929 951319
930 258586
931 924307
932 351882
933 274368
934 415455
935 475469
936 444652
937 196505
938 723358
939 334199
940 781326
941 712948
942 181719
943 541306
944 942798
945 530231
946 81285
947 320740
948 189735
949 972846
950 551475
951 171044
952 147485
953 200239
954 270163
955 622391
956 120632
957 542510
958 672684
959 452211
960 35140
961 823924
962 622662
963 7982
964 877711
965 621710
966 649557
967 149683
968 628924
969 770216
970 76031
971 689863
972 323693
973 349610
974 915227
975 210038
976 102640
977 441674
978 529427
979 792635
980 102258
981 156458
982 126510
983 692960
984 259468
985 661656
986 100977
987 841356
988 644790
989 26263
990 577494
991 508152
992 683273
993 731775
994 814999
995 570039
996 547292
997 333841
998 110133
999 813741
