# 1000 data points
# index number
0 998585
1 997668
2 997266
3 996100
4 996029
5 995837
6 995353
7 994417
8 994153
9 993890
10 993439
11 993216
12 993190
13 989234
14 988148
15 986803
16 985556
17 984707
18 984066
19 983618
20 981987
21 981789
22 979893
23 979855
24 979305
25 978796
26 978356
27 976100
28 975227
29 974752
30 974654
31 974018
32 973487
33 973141
34 972846
35 970562
36 968304
37 967141
38 966777
39 964050
40 963893
41 963188
42 961779
43 961095
44 958937
45 958537
46 958094
47 957401
48 957398
49 955189
50 954356
51 951319
52 951217
53 950560
54 950240
55 949411
56 949232
57 948478
58 948156
59 947613
60 947355
61 947229
62 946175
63 945317
64 944237
65 943559
66 942798
67 942033
68 940934
69 939735
70 939447
71 937645
72 937102
73 936550
74 936400
75 936223
76 934992
77 933819
78 930303
79 928055
80 927580
81 926247
82 925650
83 924554
84 924307
85 921858
86 919944
87 915812
88 915227
89 915110
90 913068
91 908608
92 907813
93 906659
94 906380
95 903065
96 901543
97 901383
98 901284
99 900160
100 896555
101 895246
102 895011
103 894571
104 892644
105 891135
106 890004
107 889940
108 889247
109 889175
110 886441
111 883929
112 880541
113 880441
114 880271
115 879915
116 879036
117 878128
118 877711
119 877241
120 876671
121 874856
122 874191
123 872648
124 871977
125 871833
126 871384
127 870445
128 870230
129 869579
130 869414
131 868962
132 867177
133 866252
134 866169
135 866072
136 864960
137 863961
138 862842
139 860940
140 860676
141 860676
142 860526
143 860270
144 859150
145 857779
146 857400
147 856560
148 855318
149 852760
150 852443
151 851041
152 850250
153 850007
154 848045
155 846604
156 846175
157 842522
158 842013
159 841929
160 841356
161 837924
162 836872
163 836608
164 836593
165 836363
166 835715
167 835613
168 834844
169 834466
170 833104
171 833086
172 831100
173 830439
174 829522
175 829254
176 824575
177 824316
178 823924
179 823665
180 822762
181 821798
182 820705
183 819276
184 817128
185 814999
186 813741
187 811353
188 811346
189 811329
190 810754
191 810706
192 809984
193 809451
194 809111
195 809077
196 808302
197 808053
198 807256
199 804727
200 804448
201 801863
202 801449
203 800921
204 799606
205 798704
206 797601
207 797093
208 794590
209 794061
210 793839
211 792686
212 792635
213 791541
214 790805
215 790678
216 790233
217 789040
218 788437
219 787748
220 784179
221 783911
222 782753
223 781987
224 781326
225 780470
226 778094
227 777641
228 777484
229 775547
230 774082
231 773678
232 773665
233 773534
234 770216
235 769071
236 768062
237 764802
238 764501
239 764069
240 761997
241 761940
242 760129
243 758034
244 757079
245 756935
246 755262
247 752407
248 751857
249 748702
250 747547
251 747260
252 746198
253 745858
254 745400
255 745294
256 743810
257 742297
258 741835
259 739751
260 738749
261 737800
262 737148
263 736337
264 736164
265 735523
266 735440
267 733035
268 731842
269 731775
270 730312
271 729747
272 729691
273 727655
274 727592
275 727489
276 727464
277 727306
278 727130
279 723966
280 723358
281 720675
282 720230
283 718562
284 716845
285 715655
286 715566
287 715440
288 713647
289 712948
290 712521
291 711924
292 711826
293 711009
294 710619
295 710490
296 709993
297 703951
298 703713
299 701723
300 700967
301 697949
302 697161
303 696034
304 695890
305 695065
306 695037
307 693489
308 693314
309 692960
310 691698
311 691316
312 690381
313 690215
314 689863
315 689459
316 689248
317 688521
318 685964
319 685736
320 684058
321 683273
322 681415
323 680774
324 679945
325 679393
326 679361
327 679229
328 675112
329 673156
330 672799
331 672684
332 670086
333 670082
334 667859
335 665882
336 664808
337 664363
338 662302
339 661707
340 661656
341 661525
342 660299
343 659183
344 658876
345 658063
346 656443
347 656371
348 656107
349 654275
350 653089
351 651963
352 649557
353 649146
354 648520
355 648503
356 647137
357 646861
358 644790
359 644471
360 642920
361 641743
362 641342
363 641057
364 640226
365 639271
366 634693
367 634190
368 632119
369 631167
370 628924
371 627887
372 627838
373 627811
374 626051
375 625731
376 625627
377 623000
378 622662
379 622391
380 621710
381 620799
382 620065
383 617794
384 615315
385 615041
386 612450
387 611745
388 610973
389 610708
390 610573
391 610238
392 609434
393 608730
394 605170
395 604523
396 603424
397 601810
398 601540
399 600999
400 600551
401 598258
402 598061
403 595217
404 593781
405 593158
406 592523
407 591903
408 590193
409 589844
410 588695
411 587372
412 586755
413 586261
414 585946
415 584514
416 584459
417 584045
418 583406
419 583338
420 580432
421 580128
422 579584
423 579035
424 578032
425 577593
426 577494
427 576787
428 573903
429 572859
430 571638
431 570522
432 570039
433 568751
434 568647
435 568127
436 566903
437 566221
438 565890
439 563911
440 562661
441 560971
442 560135
443 556164
444 554996
445 553902
446 553547
447 552386
448 552160
449 551632
450 551528
451 551475
452 550770
453 549604
454 548273
455 547542
456 547292
457 545761
458 544888
459 543898
460 543563
461 542974
462 542510
463 541339
464 541306
465 540143
466 539557
467 539245
468 538582
469 534507
470 533783
471 533756
472 533060
473 530512
474 530231
475 530221
476 529891
477 529450
478 529427
479 528682
480 527947
481 527609
482 526251
483 525939
484 523303
485 522990
486 522273
487 521594
488 521155
489 517664
490 516555
491 515956
492 515659
493 512937
494 512254
495 511907
496 510886
497 510406
498 509446
499 508662
500 508152
501 508019
502 505631
503 503491
504 503082
505 502714
506 500558
507 500532
508 499615
509 498254
510 497254
511 495729
512 493706
513 492648
514 492288
515 492159
516 491943
517 487404
518 485081
519 483167
520 483134
521 480821
522 480214
523 478273
524 478081
525 476912
526 475603
527 475469
528 475212
529 473404
530 472997
531 472542
532 471879
533 470628
534 470614
535 469864
536 469486
537 467153
538 464689
539 463391
540 461816
541 460672
542 460163
543 458907
544 458583
545 457790
546 455890
547 455619
548 455348
549 453649
550 452518
551 452211
552 451933
553 448509
554 447838
555 447367
556 447044
557 446969
558 444652
559 444014
560 443384
561 442811
562 441674
563 440712
564 439651
565 438416
566 437828
567 436990
568 435422
569 434230
570 433975
571 432388
572 432256
573 431255
574 430471
575 426599
576 425478
577 425476
578 424885
579 423539
580 420690
581 419063
582 417474
583 415455
584 413235
585 411573
586 411526
587 411149
588 410979
589 410424
590 410013
591 409976
592 409701
593 409373
594 407069
595 403469
596 402638
597 402087
598 401338
599 400362
600 399297
601 396020
602 394880
603 394554
604 393381
605 392149
606 389430
607 387754
608 387596
609 387357
610 385737
611 385035
612 384807
613 383920
614 383184
615 382443
616 379996
617 379427
618 378216
619 377010
620 372504
621 371142
622 371083
623 370726
624 370686
625 370097
626 369954
627 369433
628 369285
629 369219
630 368946
631 368218
632 367868
633 365389
634 365042
635 364514
636 363625
637 362734
638 361235
639 360494
640 359802
641 358318
642 358180
643 357355
644 356479
645 354919
646 352953
647 352648
648 351882
649 351759
650 351201
651 350999
652 350090
653 349914
654 349610
655 349157
656 349088
657 348974
658 348523
659 347798
660 347730
661 346645
662 345614
663 344784
664 343351
665 343067
666 341672
667 341332
668 340703
669 338908
670 336521
671 335890
672 335666
673 334199
674 333841
675 333712
676 333353
677 332968
678 332005
679 330659
680 329312
681 328930
682 326827
683 324867
684 324281
685 323693
686 323291
687 320740
688 320731
689 319911
690 318342
691 316980
692 316098
693 314351
694 312991
695 311803
696 311265
697 310984
698 310856
699 310771
700 309139
701 307167
702 305146
703 304905
704 302721
705 301595
706 298581
707 297947
708 296394
709 296375
710 295257
711 294834
712 294543
713 294369
714 290209
715 288146
716 287854
717 285470
718 283925
719 282785
720 282617
721 282482
722 281567
723 281351
724 280770
725 277540
726 275339
727 274368
728 272953
729 270246
730 270163
731 267904
732 267435
733 267354
734 265679
735 263266
736 262319
737 262258
738 260051
739 259468
740 258586
741 257973
742 257645
743 256479
744 255834
745 255284
746 254873
747 253815
748 253186
749 252752
750 252499
751 252046
752 251662
753 251581
754 248749
755 248438
756 246474
757 246058
758 245162
759 244287
760 243529
761 243200
762 242968
763 241282
764 239527
765 239053
766 238278
767 237960
768 235747
769 234637
770 233826
771 232646
772 232121
773 231429
774 231008
775 230176
776 229565
777 229545
778 228566
779 225762
780 224506
781 224500
782 220791
783 218012
784 217151
785 216863
786 216506
787 215978
788 215733
789 215298
790 213631
791 213494
792 213176
793 212673
794 210038
795 208775
796 207209
797 205717
798 205077
799 203947
800 201437
801 200495
802 200364
803 200239
804 197487
805 196505
806 194683
807 192933
808 192849
809 192163
810 190446
811 189735
812 184017
813 183974
814 183586
815 181727
816 181719
817 180243
818 179790
819 177000
820 176140
821 175803
822 175713
823 175395
824 174699
825 174378
826 173659
827 172906
828 171571
829 171044
830 170259
831 169123
832 165512
833 163962
834 163799
835 162275
836 160226
837 159851
838 159046
839 157370
840 156458
841 156163
842 151782
843 150554
844 150341
845 149683
846 148139
847 147485
848 147037
849 143870
850 143591
851 141353
852 140970
853 140490
854 140443
855 138370
856 138048
857 136060
858 135116
859 134995
860 134577
861 134423
862 134244
863 132561
864 132495
865 131018
866 129413
867 127711
868 126510
869 125975
870 124048
871 121449
872 120632
873 120311
874 120129
875 118591
876 117818
877 117567
878 112575
879 110938
880 110503
881 110133
882 107674
883 106887
884 103924
885 103255
886 102640
887 102258
888 101070
889 100977
890 100938
891 100233
892 98744
893 98043
894 97886
895 97711
896 97667
897 97357
898 95484
899 94635
900 93674
901 92387
902 91483
903 91465
904 91340
905 89663
906 89625
907 89315
908 88533
909 87506
910 86034
911 84253
912 83097
913 82860
914 82779
915 81544
916 81285
917 80414
918 79702
919 76714
920 76592
921 76101
922 76077
923 76031
924 75951
925 75762
926 75505
927 75038
928 74178
929 72922
930 72599
931 71276
932 70893
933 70042
934 68998
935 68535
936 68378
937 68345
938 68184
939 67847
940 63959
941 63660
942 63229
943 61605
944 61318
945 59514
946 57618
947 52693
948 50874
949 50225
950 50039
951 47588
952 46985
953 45556
954 44955
955 43567
956 42888
957 42176
958 41880
959 41818
960 41197
961 39571
962 38853
963 38338
964 35289
965 35140
966 34263
967 33172
968 32709
969 32676
970 31780
971 31068
972 30891
973 29823
974 29686
975 29135
976 28779
977 27534
978 27346
979 26935
980 26263
981 21001
982 19016
983 18275
984 17082
985 16327
986 15471
987 14345
988 13331
989 11944
990 10188
991 9546
992 9250
993 8008
994 7982
995 4393
996 4366
997 4208
998 3389
999 3294
