# 2000 data points
# index number
0 863565
1 904871
2 156330
3 301424
4 644179
5 325977
6 339426
7 732056
8 345895
9 860476
10 359126
11 610363
12 136311
13 681221
14 312317
15 105963
16 991028
17 474102
18 483817
19 683704
20 228834
21 417145
22 317978
23 519405
24 76685
25 848996
26 791940
27 747551
28 400011
29 478966
30 816376
31 41591
32 866473
33 791263
34 797669
35 306336
36 77130
37 575108
38 762279
39 947710
40 149541
41 911672
42 904001
43 145728
44 2796
45 125383
46 205608
47 301024
48 132579
49 84094
50 998938
51 752825
52 11486
53 248182
54 255567
55 517066
56 769980
57 227149
58 791135
59 97982
60 449194
61 523298
62 870109
63 956369
64 638541
65 111006
66 317757
67 434558
68 567617
69 517936
70 788779
71 444676
72 889802
73 907856
74 366908
75 16041
76 229202
77 95739
78 939636
79 503382
80 646148
81 502472
82 522783
83 404392
84 170545
85 342094
86 819933
87 987986
88 446045
89 158317
90 163771
91 349131
92 888971
93 533742
94 675409
95 778632
96 989301
97 995061
98 22064
99 53624
100 940790
101 956667
102 784491
103 144348
104 484998
105 874943
106 847899
107 13140
108 69586
109 533483
110 791424
111 411388
112 362732
113 718267
114 312356
115 508718
116 119041
117 159998
118 826247
119 606112
120 972082
121 972439
122 529747
123 271511
124 127185
125 370386
126 99794
127 814145
128 165722
129 944284
130 483913
131 794205
132 347562
133 451343
134 768261
135 100064
136 338348
137 971992
138 202340
139 259263
140 197737
141 407855
142 124663
143 965694
144 576595
145 960900
146 737804
147 78175
148 296647
149 246671
150 593378
151 490096
152 64403
153 636400
154 889358
155 591540
156 819733
157 888300
158 579214
159 490632
160 783758
161 977643
162 122756
163 566740
164 374376
165 644332
166 953865
167 272041
168 852526
169 687282
170 335013
171 748103
172 478082
173 604108
174 850311
175 789232
176 549088
177 225359
178 948587
179 863903
180 507968
181 463240
182 479685
183 339554
184 187756
185 889555
186 317781
187 175169
188 682493
189 296207
190 885295
191 221573
192 529428
193 659356
194 583234
195 863221
196 235013
197 526236
198 904955
199 149962
200 338750
201 38294
202 919994
203 296002
204 443620
205 877892
206 125477
207 599835
208 31990
209 926286
210 590425
211 487675
212 592855
213 411290
214 282102
215 668983
216 99171
217 633170
218 335343
219 871661
220 260264
221 831562
222 380856
223 492665
224 129430
225 504920
226 415017
227 844147
228 544421
229 143187
230 803270
231 723222
232 820402
233 275597
234 46312
235 403316
236 980890
237 376027
238 790583
239 95526
240 310389
241 180960
242 73030
243 608923
244 928760
245 548369
246 998490
247 639341
248 536355
249 73756
250 453575
251 517531
252 152761
253 252037
254 263721
255 670930
256 91279
257 266061
258 553422
259 710615
260 174588
261 245567
262 330145
263 298830
264 231177
265 590646
266 289395
267 525928
268 721968
269 223698
270 44812
271 812457
272 265088
273 221201
274 888616
275 626913
276 265115
277 494906
278 453283
279 987266
280 550602
281 120323
282 397043
283 600634
284 197619
285 643417
286 298801
287 36485
288 712989
289 594577
290 100823
291 861581
292 692431
293 378120
294 661282
295 666969
296 507766
297 327480
298 708286
299 256917
300 643498
301 678049
302 859833
303 455507
304 954544
305 434163
306 481195
307 418084
308 389742
309 32533
310 286411
311 551972
312 984240
313 535528
314 500959
315 84418
316 110443
317 43891
318 538464
319 536971
320 862268
321 585096
322 908827
323 336276
324 879727
325 911482
326 74823
327 114203
328 77070
329 198328
330 268656
331 918388
332 372753
333 348182
334 631812
335 201532
336 216343
337 532049
338 166651
339 608536
340 127302
341 293810
342 805499
343 899785
344 592613
345 340737
346 784581
347 892329
348 81883
349 384765
350 531182
351 764627
352 25265
353 696738
354 461245
355 41770
356 835074
357 515110
358 672686
359 784358
360 237941
361 3123
362 191580
363 63456
364 700725
365 981568
366 571697
367 475279
368 788199
369 350725
370 603594
371 881680
372 169765
373 643361
374 201353
375 546343
376 310591
377 974994
378 200385
379 552372
380 831744
381 247564
382 518461
383 656035
384 124830
385 553678
386 557832
387 265704
388 157880
389 571617
390 715196
391 887037
392 937461
393 352922
394 728110
395 388382
396 802253
397 316856
398 333793
399 697950
400 448486
401 777235
402 314997
403 821041
404 238918
405 750412
406 626729
407 276452
408 163608
409 707888
410 559023
411 501828
412 620120
413 937555
414 120053
415 414509
416 608317
417 124627
418 298823
419 974165
420 714383
421 32520
422 68987
423 253812
424 441749
425 897230
426 859623
427 554874
428 663169
429 503098
430 382609
431 508420
432 676307
433 306235
434 760617
435 788220
436 80902
437 352744
438 638376
439 61598
440 323237
441 806334
442 630063
443 552130
444 715570
445 373668
446 7448
447 155147
448 304912
449 781207
450 870233
451 394731
452 485707
453 215384
454 268195
455 742061
456 401296
457 555232
458 423944
459 422536
460 214493
461 585371
462 597996
463 957123
464 331087
465 725323
466 460191
467 336007
468 792783
469 212036
470 502368
471 75108
472 807294
473 955260
474 918507
475 13895
476 820315
477 294825
478 65647
479 772535
480 552499
481 735238
482 629955
483 384663
484 997945
485 42382
486 688919
487 986458
488 810837
489 250933
490 167265
491 191479
492 673645
493 556813
494 618558
495 172579
496 851701
497 429278
498 667420
499 656656
500 981146
501 760631
502 862710
503 304982
504 324470
505 432195
506 617094
507 982105
508 952472
509 282674
510 543219
511 531113
512 94046
513 354932
514 994625
515 84253
516 834272
517 220258
518 336981
519 998132
520 363751
521 652198
522 221828
523 955083
524 592694
525 477059
526 423350
527 588
528 475131
529 863206
530 94728
531 565316
532 252732
533 939702
534 273230
535 264367
536 763501
537 535767
538 234379
539 281456
540 285321
541 100736
542 690635
543 878191
544 243536
545 859990
546 627277
547 355336
548 729098
549 861690
550 748949
551 111471
552 700993
553 413706
554 509407
555 162922
556 113638
557 157087
558 651850
559 116079
560 974659
561 594595
562 188806
563 518609
564 537099
565 728817
566 92756
567 299693
568 826866
569 768107
570 398600
571 571857
572 443594
573 849949
574 386886
575 979628
576 821416
577 895612
578 425780
579 504951
580 744238
581 48070
582 506456
583 778586
584 54556
585 423806
586 570554
587 493838
588 930714
589 910469
590 162224
591 107606
592 417586
593 514267
594 456938
595 168381
596 741312
597 866924
598 243560
599 996471
600 309009
601 271158
602 337321
603 114079
604 756805
605 440620
606 254382
607 478157
608 359590
609 485401
610 812046
611 794159
612 27127
613 833684
614 863789
615 711432
616 785468
617 555277
618 319637
619 639175
620 459742
621 871030
622 327861
623 34518
624 442482
625 666251
626 344105
627 950594
628 236674
629 264728
630 333100
631 182734
632 519108
633 16895
634 532859
635 695574
636 969610
637 880793
638 762133
639 974376
640 75930
641 863185
642 822035
643 232022
644 651061
645 191296
646 988767
647 871585
648 316314
649 420004
650 225660
651 496172
652 714496
653 376909
654 572192
655 956763
656 555973
657 206544
658 160874
659 209378
660 677475
661 608490
662 639035
663 30145
664 348360
665 251439
666 53491
667 216442
668 909191
669 881010
670 817207
671 730395
672 118332
673 683743
674 496524
675 154733
676 37462
677 399144
678 316899
679 807675
680 958296
681 627544
682 418858
683 271505
684 390110
685 921032
686 641797
687 937372
688 949055
689 990798
690 562063
691 356247
692 651787
693 655214
694 457518
695 752759
696 481806
697 693094
698 60440
699 435549
700 609680
701 275485
702 344476
703 96131
704 578290
705 112428
706 72673
707 89904
708 460188
709 369342
710 518817
711 840475
712 132821
713 47617
714 223074
715 994993
716 653513
717 167984
718 117783
719 17575
720 332939
721 290893
722 76194
723 564462
724 664274
725 719258
726 314780
727 403441
728 254683
729 984279
730 990649
731 376817
732 393608
733 759685
734 354638
735 158265
736 774012
737 293713
738 476359
739 406012
740 131865
741 417678
742 581000
743 595643
744 487617
745 576488
746 613925
747 943454
748 140897
749 537296
750 665452
751 664595
752 294427
753 140437
754 185719
755 498555
756 951051
757 850337
758 541984
759 267935
760 653313
761 897367
762 915329
763 895653
764 410389
765 444314
766 523
767 111857
768 303061
769 698623
770 615303
771 247001
772 372252
773 974836
774 499771
775 384131
776 407388
777 907262
778 102737
779 474720
780 662214
781 853133
782 522245
783 192085
784 670823
785 809154
786 458038
787 579005
788 626559
789 202942
790 713371
791 356597
792 960514
793 794433
794 574292
795 905545
796 131833
797 725706
798 121675
799 854613
800 364530
801 851092
802 972969
803 252034
804 358637
805 739007
806 88579
807 930236
808 418992
809 804087
810 546275
811 771811
812 112706
813 560385
814 723967
815 653223
816 444372
817 906188
818 227289
819 282077
820 662476
821 97159
822 447677
823 493782
824 545551
825 840911
826 586068
827 764812
828 304692
829 972622
830 777226
831 303812
832 850745
833 933217
834 3247
835 560412
836 958265
837 769918
838 398563
839 947315
840 991158
841 380258
842 382241
843 997259
844 91467
845 7172
846 569299
847 706469
848 656230
849 612312
850 326922
851 974813
852 198669
853 270900
854 72841
855 504884
856 298614
857 473149
858 333791
859 323508
860 860237
861 529457
862 267040
863 935883
864 708505
865 769416
866 825924
867 601640
868 142801
869 24260
870 252396
871 61162
872 228727
873 880232
874 790563
875 357594
876 727033
877 293751
878 822584
879 953972
880 839967
881 541044
882 373053
883 785177
884 686160
885 823533
886 653989
887 1034
888 209828
889 619878
890 26886
891 130487
892 280863
893 535845
894 141145
895 48649
896 69847
897 689495
898 722922
899 170656
900 484816
901 832527
902 391408
903 581024
904 961429
905 465545
906 280460
907 577981
908 210007
909 187830
910 154899
911 252635
912 474600
913 728665
914 98607
915 7360
916 362135
917 350926
918 884696
919 261458
920 592793
921 177584
922 438517
923 300614
924 923731
925 62683
926 697443
927 246214
928 652347
929 770629
930 935332
931 288209
932 236308
933 817259
934 735995
935 618293
936 727192
937 504638
938 203291
939 287021
940 532712
941 606285
942 323406
943 497841
944 957158
945 253146
946 238232
947 542242
948 556983
949 771890
950 341536
951 713485
952 452658
953 239786
954 818831
955 542147
956 801437
957 64547
958 467703
959 646517
960 928949
961 958234
962 261220
963 346400
964 489262
965 752690
966 259304
967 52840
968 149976
969 866593
970 691184
971 811699
972 935878
973 163289
974 588988
975 379825
976 594778
977 981984
978 463996
979 873008
980 333365
981 346036
982 601912
983 510215
984 498725
985 580221
986 483977
987 844264
988 319712
989 648529
990 191834
991 311539
992 567326
993 565759
994 954217
995 39377
996 918226
997 865809
998 974207
999 847012
1000 212144
1001 718762
1002 521444
1003 882493
1004 562361
1005 284846
1006 872158
1007 612714
1008 116332
1009 948940
1010 871873
1011 75918
1012 957310
1013 383031
1014 725161
1015 705843
1016 301584
1017 889934
1018 580905
1019 324750
1020 472156
1021 159464
1022 780441
1023 400163
1024 638776
1025 653374
1026 422892
1027 579184
1028 604931
1029 78814
1030 533545
1031 207285
1032 921365
1033 328320
1034 406750
1035 748642
1036 817884
1037 389724
1038 147258
1039 136216
1040 203585
1041 859682
1042 519004
1043 366240
1044 701350
1045 143261
1046 596950
1047 528638
1048 94777
1049 268279
1050 527949
1051 737837
1052 992004
1053 581580
1054 765662
1055 543693
1056 96643
1057 785573
1058 230904
1059 696770
1060 444936
1061 692988
1062 943664
1063 93569
1064 872042
1065 367711
1066 211121
1067 203564
1068 938826
1069 636806
1070 574938
1071 789965
1072 541886
1073 226342
1074 511736
1075 679331
1076 479678
1077 429910
1078 636945
1079 251579
1080 720996
1081 467816
1082 631193
1083 142212
1084 960917
1085 756540
1086 740282
1087 944032
1088 24272
1089 667678
1090 897934
1091 928149
1092 636309
1093 13970
1094 891225
1095 576173
1096 201279
1097 224005
1098 591677
1099 20434
1100 267027
1101 738839
1102 872907
1103 960524
1104 890388
1105 630971
1106 144451
1107 786881
1108 815349
1109 372432
1110 369765
1111 160650
1112 222817
1113 393128
1114 376611
1115 229161
1116 374811
1117 917899
1118 285135
1119 694510
1120 152498
1121 161248
1122 1403
1123 685725
1124 750330
1125 418435
1126 183301
1127 540426
1128 439373
1129 812163
1130 566169
1131 297921
1132 731631
1133 342590
1134 424981
1135 701050
1136 671799
1137 617905
1138 589169
1139 448312
1140 639496
1141 901433
1142 359215
1143 120783
1144 577952
1145 353533
1146 897999
1147 810891
1148 166714
1149 41966
1150 884783
1151 823373
1152 146664
1153 178399
1154 78965
1155 614762
1156 884240
1157 362186
1158 800748
1159 238956
1160 754839
1161 392202
1162 506298
1163 216071
1164 37958
1165 475411
1166 628395
1167 823603
1168 581668
1169 715034
1170 635937
1171 97328
1172 422592
1173 414969
1174 5806
1175 239468
1176 79047
1177 569707
1178 120676
1179 968991
1180 186655
1181 515067
1182 331477
1183 559926
1184 163165
1185 955028
1186 831789
1187 735021
1188 396004
1189 829641
1190 64867
1191 191616
1192 93968
1193 890276
1194 56814
1195 702360
1196 63414
1197 558210
1198 979413
1199 464120
1200 717199
1201 83981
1202 983996
1203 563630
1204 137737
1205 136237
1206 707548
1207 128011
1208 857999
1209 434211
1210 80978
1211 363060
1212 638584
1213 617222
1214 117398
1215 323334
1216 175537
1217 202941
1218 128614
1219 867544
1220 721121
1221 724737
1222 417335
1223 933082
1224 714918
1225 223654
1226 480392
1227 507893
1228 960421
1229 484825
1230 397205
1231 620046
1232 725596
1233 299184
1234 583731
1235 329776
1236 555973
1237 662676
1238 884031
1239 260452
1240 54814
1241 25931
1242 921523
1243 199487
1244 474323
1245 322221
1246 315183
1247 934079
1248 570059
1249 640894
1250 310589
1251 846602
1252 771453
1253 703235
1254 313432
1255 108090
1256 616326
1257 129606
1258 928295
1259 193764
1260 466384
1261 267808
1262 286012
1263 160614
1264 471940
1265 755885
1266 529401
1267 823212
1268 373638
1269 206484
1270 363783
1271 930139
1272 130990
1273 378412
1274 62268
1275 360385
1276 244552
1277 914112
1278 446730
1279 548070
1280 510903
1281 404528
1282 296899
1283 16794
1284 416095
1285 946430
1286 728532
1287 414343
1288 360467
1289 998205
1290 136816
1291 527568
1292 920694
1293 750613
1294 835596
1295 809789
1296 726599
1297 207028
1298 2650
1299 243443
1300 671743
1301 26523
1302 634913
1303 303957
1304 827435
1305 2111
1306 47334
1307 192688
1308 906817
1309 920093
1310 840282
1311 813413
1312 574806
1313 835225
1314 991161
1315 515306
1316 544268
1317 376274
1318 777894
1319 893068
1320 790930
1321 209017
1322 49499
1323 790076
1324 488755
1325 886192
1326 59961
1327 601865
1328 372165
1329 929059
1330 766805
1331 424374
1332 207390
1333 551650
1334 459029
1335 74215
1336 266911
1337 160549
1338 567625
1339 457399
1340 90580
1341 859807
1342 975795
1343 749839
1344 155272
1345 147861
1346 488613
1347 839321
1348 210250
1349 811895
1350 949718
1351 67228
1352 144834
1353 471717
1354 865143
1355 492060
1356 93042
1357 81997
1358 74367
1359 309714
1360 629928
1361 16634
1362 711943
1363 231798
1364 37209
1365 695438
1366 348446
1367 208185
1368 701016
1369 400368
1370 159221
1371 938993
1372 319294
1373 311051
1374 318589
1375 850779
1376 136314
1377 477465
1378 584077
1379 198592
1380 360332
1381 567534
1382 451491
1383 427395
1384 59570
1385 670597
1386 11588
1387 1279
1388 551200
1389 111381
1390 110613
1391 345700
1392 805878
1393 306236
1394 950755
1395 996046
1396 972839
1397 862314
1398 406668
1399 295307
1400 401693
1401 835300
1402 77554
1403 214983
1404 689508
1405 791881
1406 141275
1407 908108
1408 335719
1409 804788
1410 80705
1411 153164
1412 641811
1413 991876
1414 169612
1415 765273
1416 974082
1417 712986
1418 545286
1419 579615
1420 421157
1421 91423
1422 770611
1423 635243
1424 56236
1425 428693
1426 965174
1427 479788
1428 368427
1429 145096
1430 32154
1431 992037
1432 197272
1433 684040
1434 847363
1435 85633
1436 507011
1437 959136
1438 833967
1439 59534
1440 217845
1441 260781
1442 399508
1443 36262
1444 794011
1445 448798
1446 742301
1447 854887
1448 424666
1449 881574
1450 476639
1451 330372
1452 53291
1453 27136
1454 18239
1455 963041
1456 672520
1457 490605
1458 303802
1459 880997
1460 740175
1461 213945
1462 985368
1463 64361
1464 153041
1465 562022
1466 988439
1467 163837
1468 379999
1469 623352
1470 202777
1471 558652
1472 375958
1473 309967
1474 989663
1475 662324
1476 121336
1477 239516
1478 245783
1479 981415
1480 735314
1481 190648
1482 521139
1483 555729
1484 349604
1485 422104
1486 409473
1487 291949
1488 386141
1489 884682
1490 330104
1491 371062
1492 717897
1493 396710
1494 319101
1495 527963
1496 896349
1497 27106
1498 417138
1499 125147
1500 269276
1501 80101
1502 256583
1503 767647
1504 284084
1505 312735
1506 39606
1507 820195
1508 548354
1509 966144
1510 993758
1511 817688
1512 602581
1513 246225
1514 776271
1515 24345
1516 729947
1517 455506
1518 60797
1519 554510
1520 192531
1521 728977
1522 521389
1523 668064
1524 828631
1525 450694
1526 672088
1527 386046
1528 86245
1529 879166
1530 23684
1531 117961
1532 995488
1533 257720
1534 982092
1535 872657
1536 818411
1537 966527
1538 988899
1539 51485
1540 756913
1541 836651
1542 950153
1543 148341
1544 74988
1545 110101
1546 824207
1547 649129
1548 805266
1549 225558
1550 855908
1551 417151
1552 194801
1553 435033
1554 818574
1555 145201
1556 612261
1557 525816
1558 425894
1559 464814
1560 527641
1561 713592
1562 925253
1563 833865
1564 703387
1565 181454
1566 607168
1567 821795
1568 48207
1569 125941
1570 340887
1571 214067
1572 905287
1573 411234
1574 255154
1575 941618
1576 426949
1577 667797
1578 760280
1579 75156
1580 257880
1581 559361
1582 390682
1583 517025
1584 966927
1585 904941
1586 526727
1587 974378
1588 569181
1589 819182
1590 225088
1591 846608
1592 430010
1593 228689
1594 894836
1595 738131
1596 783125
1597 254005
1598 852454
1599 985820
1600 796279
1601 501735
1602 276128
1603 330747
1604 429354
1605 290093
1606 364513
1607 268840
1608 427240
1609 418
1610 647237
1611 677748
1612 428793
1613 889145
1614 156440
1615 671519
1616 936479
1617 857291
1618 266389
1619 804943
1620 439994
1621 421064
1622 360696
1623 400696
1624 310615
1625 786990
1626 465883
1627 960377
1628 748582
1629 852489
1630 671270
1631 41470
1632 468956
1633 738735
1634 566612
1635 223080
1636 425806
1637 242607
1638 302149
1639 571524
1640 501990
1641 260414
1642 895273
1643 470707
1644 112037
1645 694936
1646 461484
1647 560407
1648 286866
1649 782039
1650 475684
1651 477589
1652 317229
1653 852286
1654 516934
1655 911723
1656 42268
1657 730470
1658 212727
1659 345373
1660 572722
1661 741791
1662 977794
1663 577452
1664 655610
1665 372659
1666 290753
1667 430348
1668 117390
1669 277925
1670 526020
1671 776158
1672 292206
1673 551255
1674 67852
1675 424704
1676 56042
1677 13610
1678 590919
1679 380672
1680 879121
1681 24280
1682 963201
1683 273407
1684 89103
1685 793009
1686 381227
1687 305818
1688 545625
1689 949670
1690 706795
1691 164014
1692 979981
1693 804335
1694 863518
1695 923079
1696 997705
1697 165834
1698 849171
1699 913690
1700 900176
1701 156961
1702 907280
1703 756635
1704 105832
1705 310997
1706 613299
1707 695825
1708 672046
1709 514370
1710 704751
1711 973976
1712 693219
1713 496922
1714 11665
1715 198095
1716 715307
1717 502934
1718 617506
1719 474349
1720 626004
1721 206724
1722 648597
1723 984442
1724 195693
1725 586258
1726 801999
1727 699578
1728 827373
1729 321832
1730 781248
1731 45392
1732 472865
1733 845788
1734 322716
1735 644343
1736 764338
1737 699773
1738 22185
1739 264274
1740 449525
1741 640617
1742 974277
1743 926786
1744 288920
1745 522271
1746 532388
1747 801325
1748 834822
1749 432897
1750 702782
1751 195346
1752 454740
1753 712294
1754 675491
1755 203325
1756 652533
1757 159987
1758 341875
1759 594042
1760 75533
1761 79002
1762 882468
1763 383330
1764 548122
1765 410449
1766 360467
1767 485910
1768 343834
1769 491173
1770 910483
1771 483232
1772 578665
1773 318239
1774 456743
1775 143159
1776 786144
1777 302518
1778 770495
1779 31267
1780 205773
1781 527888
1782 127010
1783 652573
1784 195072
1785 456413
1786 345238
1787 737296
1788 154007
1789 803226
1790 788173
1791 856042
1792 949525
1793 182917
1794 122540
1795 730575
1796 645938
1797 853167
1798 639027
1799 748605
1800 310728
1801 967546
1802 528512
1803 37871
1804 279856
1805 730293
1806 208291
1807 390187
1808 864887
1809 519139
1810 60942
1811 624265
1812 477306
1813 721456
1814 456229
1815 52255
1816 272557
1817 793231
1818 795332
1819 374548
1820 994962
1821 994348
1822 371897
1823 16898
1824 880293
1825 737717
1826 864300
1827 980142
1828 469030
1829 389964
1830 239521
1831 173393
1832 551902
1833 319194
1834 195658
1835 814526
1836 340225
1837 658104
1838 135188
1839 316087
1840 284652
1841 561194
1842 135302
1843 529675
1844 793503
1845 121538
1846 758982
1847 837467
1848 790020
1849 779666
1850 578117
1851 286578
1852 539130
1853 224192
1854 407891
1855 331603
1856 239083
1857 936370
1858 883394
1859 244912
1860 360268
1861 669685
1862 751275
1863 475658
1864 799427
1865 47480
1866 160880
1867 180022
1868 357193
1869 888765
1870 83334
1871 440960
1872 423426
1873 882534
1874 479348
1875 869855
1876 729326
1877 387683
1878 896021
1879 175
1880 587027
1881 767970
1882 171676
1883 200096
1884 753708
1885 124270
1886 940993
1887 443404
1888 323684
1889 169830
1890 688743
1891 772696
1892 342136
1893 434430
1894 430653
1895 393562
1896 949810
1897 871845
1898 388996
1899 171156
1900 189072
1901 189043
1902 666047
1903 620197
1904 336178
1905 987921
1906 241400
1907 935316
1908 58588
1909 799688
1910 173294
1911 990937
1912 443904
1913 752187
1914 666514
1915 729086
1916 200966
1917 411372
1918 380459
1919 771041
1920 114193
1921 15105
1922 643791
1923 146464
1924 238219
1925 121389
1926 973187
1927 584080
1928 777765
1929 640723
1930 772748
1931 94341
1932 112684
1933 345696
1934 330138
1935 480546
1936 832897
1937 548041
1938 191469
1939 715018
1940 853964
1941 517637
1942 858205
1943 726252
1944 930271
1945 968534
1946 128008
1947 367024
1948 986880
1949 148590
1950 622680
1951 118639
1952 298318
1953 602232
1954 388532
1955 269725
1956 376726
1957 906088
1958 398980
1959 866679
1960 544524
1961 746366
1962 270647
1963 35398
1964 188018
1965 772192
1966 160261
1967 328835
1968 76154
1969 143438
1970 231171
1971 461840
1972 419027
1973 533347
1974 59168
1975 193578
1976 398117
1977 249673
1978 134653
1979 639252
1980 166809
1981 822735
1982 162171
1983 8259
1984 66203
1985 860156
1986 62317
1987 637065
1988 376047
1989 687039
1990 551398
1991 314659
1992 672
1993 543579
1994 470611
1995 779511
1996 329915
1997 181831
1998 921549
1999 33346
