# 2000 data points
# index number
0 175
1 418
2 523
3 588
4 672
5 1034
6 1279
7 1403
8 2111
9 2650
10 2796
11 3123
12 3247
13 5806
14 7172
15 7360
16 7448
17 8259
18 11486
19 11588
20 11665
21 13140
22 13610
23 13895
24 13970
25 15105
26 16041
27 16634
28 16794
29 16895
30 16898
31 17575
32 18239
33 20434
34 22064
35 22185
36 23684
37 24260
38 24272
39 24280
40 24345
41 25265
42 25931
43 26523
44 26886
45 27106
46 27127
47 27136
48 30145
49 31267
50 31990
51 32154
52 32520
53 32533
54 33346
55 34518
56 35398
57 36262
58 36485
59 37209
60 37462
61 37871
62 37958
63 38294
64 39377
65 39606
66 41470
67 41591
68 41770
69 41966
70 42268
71 42382
72 43891
73 44812
74 45392
75 46312
76 47334
77 47480
78 47617
79 48070
80 48207
81 48649
82 49499
83 51485
84 52255
85 52840
86 53291
87 53491
88 53624
89 54556
90 54814
91 56042
92 56236
93 56814
94 58588
95 59168
96 59534
97 59570
98 59961
99 60440
100 60797
101 60942
102 61162
103 61598
104 62268
105 62317
106 62683
107 63414
108 63456
109 64361
110 64403
111 64547
112 64867
113 65647
114 66203
115 67228
116 67852
117 68987
118 69586
119 69847
120 72673
121 72841
122 73030
123 73756
124 74215
125 74367
126 74823
127 74988
128 75108
129 75156
130 75533
131 75918
132 75930
133 76154
134 76194
135 76685
136 77070
137 77130
138 77554
139 78175
140 78814
141 78965
142 79002
143 79047
144 80101
145 80705
146 80902
147 80978
148 81883
149 81997
150 83334
151 83981
152 84094
153 84253
154 84418
155 85633
156 86245
157 88579
158 89103
159 89904
160 90580
161 91279
162 91423
163 91467
164 92756
165 93042
166 93569
167 93968
168 94046
169 94341
170 94728
171 94777
172 95526
173 95739
174 96131
175 96643
176 97159
177 97328
178 97982
179 98607
180 99171
181 99794
182 100064
183 100736
184 100823
185 102737
186 105832
187 105963
188 107606
189 108090
190 110101
191 110443
192 110613
193 111006
194 111381
195 111471
196 111857
197 112037
198 112428
199 112684
200 112706
201 113638
202 114079
203 114193
204 114203
205 116079
206 116332
207 117390
208 117398
209 117783
210 117961
211 118332
212 118639
213 119041
214 120053
215 120323
216 120676
217 120783
218 121336
219 121389
220 121538
221 121675
222 122540
223 122756
224 124270
225 124627
226 124663
227 124830
228 125147
229 125383
230 125477
231 125941
232 127010
233 127185
234 127302
235 128008
236 128011
237 128614
238 129430
239 129606
240 130487
241 130990
242 131833
243 131865
244 132579
245 132821
246 134653
247 135188
248 135302
249 136216
250 136237
251 136311
252 136314
253 136816
254 137737
255 140437
256 140897
257 141145
258 141275
259 142212
260 142801
261 143159
262 143187
263 143261
264 143438
265 144348
266 144451
267 144834
268 145096
269 145201
270 145728
271 146464
272 146664
273 147258
274 147861
275 148341
276 148590
277 149541
278 149962
279 149976
280 152498
281 152761
282 153041
283 153164
284 154007
285 154733
286 154899
287 155147
288 155272
289 156330
290 156440
291 156961
292 157087
293 157880
294 158265
295 158317
296 159221
297 159464
298 159987
299 159998
300 160261
301 160549
302 160614
303 160650
304 160874
305 160880
306 161248
307 162171
308 162224
309 162922
310 163165
311 163289
312 163608
313 163771
314 163837
315 164014
316 165722
317 165834
318 166651
319 166714
320 166809
321 167265
322 167984
323 168381
324 169612
325 169765
326 169830
327 170545
328 170656
329 171156
330 171676
331 172579
332 173294
333 173393
334 174588
335 175169
336 175537
337 177584
338 178399
339 180022
340 180960
341 181454
342 181831
343 182734
344 182917
345 183301
346 185719
347 186655
348 187756
349 187830
350 188018
351 188806
352 189043
353 189072
354 190648
355 191296
356 191469
357 191479
358 191580
359 191616
360 191834
361 192085
362 192531
363 192688
364 193578
365 193764
366 194801
367 195072
368 195346
369 195658
370 195693
371 197272
372 197619
373 197737
374 198095
375 198328
376 198592
377 198669
378 199487
379 200096
380 200385
381 200966
382 201279
383 201353
384 201532
385 202340
386 202777
387 202941
388 202942
389 203291
390 203325
391 203564
392 203585
393 205608
394 205773
395 206484
396 206544
397 206724
398 207028
399 207285
400 207390
401 208185
402 208291
403 209017
404 209378
405 209828
406 210007
407 210250
408 211121
409 212036
410 212144
411 212727
412 213945
413 214067
414 214493
415 214983
416 215384
417 216071
418 216343
419 216442
420 217845
421 220258
422 221201
423 221573
424 221828
425 222817
426 223074
427 223080
428 223654
429 223698
430 224005
431 224192
432 225088
433 225359
434 225558
435 225660
436 226342
437 227149
438 227289
439 228689
440 228727
441 228834
442 229161
443 229202
444 230904
445 231171
446 231177
447 231798
448 232022
449 234379
450 235013
451 236308
452 236674
453 237941
454 238219
455 238232
456 238918
457 238956
458 239083
459 239468
460 239516
461 239521
462 239786
463 241400
464 242607
465 243443
466 243536
467 243560
468 244552
469 244912
470 245567
471 245783
472 246214
473 246225
474 246671
475 247001
476 247564
477 248182
478 249673
479 250933
480 251439
481 251579
482 252034
483 252037
484 252396
485 252635
486 252732
487 253146
488 253812
489 254005
490 254382
491 254683
492 255154
493 255567
494 256583
495 256917
496 257720
497 257880
498 259263
499 259304
500 260264
501 260414
502 260452
503 260781
504 261220
505 261458
506 263721
507 264274
508 264367
509 264728
510 265088
511 265115
512 265704
513 266061
514 266389
515 266911
516 267027
517 267040
518 267808
519 267935
520 268195
521 268279
522 268656
523 268840
524 269276
525 269725
526 270647
527 270900
528 271158
529 271505
530 271511
531 272041
532 272557
533 273230
534 273407
535 275485
536 275597
537 276128
538 276452
539 277925
540 279856
541 280460
542 280863
543 281456
544 282077
545 282102
546 282674
547 284084
548 284652
549 284846
550 285135
551 285321
552 286012
553 286411
554 286578
555 286866
556 287021
557 288209
558 288920
559 289395
560 290093
561 290753
562 290893
563 291949
564 292206
565 293713
566 293751
567 293810
568 294427
569 294825
570 295307
571 296002
572 296207
573 296647
574 296899
575 297921
576 298318
577 298614
578 298801
579 298823
580 298830
581 299184
582 299693
583 300614
584 301024
585 301424
586 301584
587 302149
588 302518
589 303061
590 303802
591 303812
592 303957
593 304692
594 304912
595 304982
596 305818
597 306235
598 306236
599 306336
600 309009
601 309714
602 309967
603 310389
604 310589
605 310591
606 310615
607 310728
608 310997
609 311051
610 311539
611 312317
612 312356
613 312735
614 313432
615 314659
616 314780
617 314997
618 315183
619 316087
620 316314
621 316856
622 316899
623 317229
624 317757
625 317781
626 317978
627 318239
628 318589
629 319101
630 319194
631 319294
632 319637
633 319712
634 321832
635 322221
636 322716
637 323237
638 323334
639 323406
640 323508
641 323684
642 324470
643 324750
644 325977
645 326922
646 327480
647 327861
648 328320
649 328835
650 329776
651 329915
652 330104
653 330138
654 330145
655 330372
656 330747
657 331087
658 331477
659 331603
660 332939
661 333100
662 333365
663 333791
664 333793
665 335013
666 335343
667 335719
668 336007
669 336178
670 336276
671 336981
672 337321
673 338348
674 338750
675 339426
676 339554
677 340225
678 340737
679 340887
680 341536
681 341875
682 342094
683 342136
684 342590
685 343834
686 344105
687 344476
688 345238
689 345373
690 345696
691 345700
692 345895
693 346036
694 346400
695 347562
696 348182
697 348360
698 348446
699 349131
700 349604
701 350725
702 350926
703 352744
704 352922
705 353533
706 354638
707 354932
708 355336
709 356247
710 356597
711 357193
712 357594
713 358637
714 359126
715 359215
716 359590
717 360268
718 360332
719 360385
720 360467
721 360467
722 360696
723 362135
724 362186
725 362732
726 363060
727 363751
728 363783
729 364513
730 364530
731 366240
732 366908
733 367024
734 367711
735 368427
736 369342
737 369765
738 370386
739 371062
740 371897
741 372165
742 372252
743 372432
744 372659
745 372753
746 373053
747 373638
748 373668
749 374376
750 374548
751 374811
752 375958
753 376027
754 376047
755 376274
756 376611
757 376726
758 376817
759 376909
760 378120
761 378412
762 379825
763 379999
764 380258
765 380459
766 380672
767 380856
768 381227
769 382241
770 382609
771 383031
772 383330
773 384131
774 384663
775 384765
776 386046
777 386141
778 386886
779 387683
780 388382
781 388532
782 388996
783 389724
784 389742
785 389964
786 390110
787 390187
788 390682
789 391408
790 392202
791 393128
792 393562
793 393608
794 394731
795 396004
796 396710
797 397043
798 397205
799 398117
800 398563
801 398600
802 398980
803 399144
804 399508
805 400011
806 400163
807 400368
808 400696
809 401296
810 401693
811 403316
812 403441
813 404392
814 404528
815 406012
816 406668
817 406750
818 407388
819 407855
820 407891
821 409473
822 410389
823 410449
824 411234
825 411290
826 411372
827 411388
828 413706
829 414343
830 414509
831 414969
832 415017
833 416095
834 417138
835 417145
836 417151
837 417335
838 417586
839 417678
840 418084
841 418435
842 418858
843 418992
844 419027
845 420004
846 421064
847 421157
848 422104
849 422536
850 422592
851 422892
852 423350
853 423426
854 423806
855 423944
856 424374
857 424666
858 424704
859 424981
860 425780
861 425806
862 425894
863 426949
864 427240
865 427395
866 428693
867 428793
868 429278
869 429354
870 429910
871 430010
872 430348
873 430653
874 432195
875 432897
876 434163
877 434211
878 434430
879 434558
880 435033
881 435549
882 438517
883 439373
884 439994
885 440620
886 440960
887 441749
888 442482
889 443404
890 443594
891 443620
892 443904
893 444314
894 444372
895 444676
896 444936
897 446045
898 446730
899 447677
900 448312
901 448486
902 448798
903 449194
904 449525
905 450694
906 451343
907 451491
908 452658
909 453283
910 453575
911 454740
912 455506
913 455507
914 456229
915 456413
916 456743
917 456938
918 457399
919 457518
920 458038
921 459029
922 459742
923 460188
924 460191
925 461245
926 461484
927 461840
928 463240
929 463996
930 464120
931 464814
932 465545
933 465883
934 466384
935 467703
936 467816
937 468956
938 469030
939 470611
940 470707
941 471717
942 471940
943 472156
944 472865
945 473149
946 474102
947 474323
948 474349
949 474600
950 474720
951 475131
952 475279
953 475411
954 475658
955 475684
956 476359
957 476639
958 477059
959 477306
960 477465
961 477589
962 478082
963 478157
964 478966
965 479348
966 479678
967 479685
968 479788
969 480392
970 480546
971 481195
972 481806
973 483232
974 483817
975 483913
976 483977
977 484816
978 484825
979 484998
980 485401
981 485707
982 485910
983 487617
984 487675
985 488613
986 488755
987 489262
988 490096
989 490605
990 490632
991 491173
992 492060
993 492665
994 493782
995 493838
996 494906
997 496172
998 496524
999 496922
1000 497841
1001 498555
1002 498725
1003 499771
1004 500959
1005 501735
1006 501828
1007 501990
1008 502368
1009 502472
1010 502934
1011 503098
1012 503382
1013 504638
1014 504884
1015 504920
1016 504951
1017 506298
1018 506456
1019 507011
1020 507766
1021 507893
1022 507968
1023 508420
1024 508718
1025 509407
1026 510215
1027 510903
1028 511736
1029 514267
1030 514370
1031 515067
1032 515110
1033 515306
1034 516934
1035 517025
1036 517066
1037 517531
1038 517637
1039 517936
1040 518461
1041 518609
1042 518817
1043 519004
1044 519108
1045 519139
1046 519405
1047 521139
1048 521389
1049 521444
1050 522245
1051 522271
1052 522783
1053 523298
1054 525816
1055 525928
1056 526020
1057 526236
1058 526727
1059 527568
1060 527641
1061 527888
1062 527949
1063 527963
1064 528512
1065 528638
1066 529401
1067 529428
1068 529457
1069 529675
1070 529747
1071 531113
1072 531182
1073 532049
1074 532388
1075 532712
1076 532859
1077 533347
1078 533483
1079 533545
1080 533742
1081 535528
1082 535767
1083 535845
1084 536355
1085 536971
1086 537099
1087 537296
1088 538464
1089 539130
1090 540426
1091 541044
1092 541886
1093 541984
1094 542147
1095 542242
1096 543219
1097 543579
1098 543693
1099 544268
1100 544421
1101 544524
1102 545286
1103 545551
1104 545625
1105 546275
1106 546343
1107 548041
1108 548070
1109 548122
1110 548354
1111 548369
1112 549088
1113 550602
1114 551200
1115 551255
1116 551398
1117 551650
1118 551902
1119 551972
1120 552130
1121 552372
1122 552499
1123 553422
1124 553678
1125 554510
1126 554874
1127 555232
1128 555277
1129 555729
1130 555973
1131 555973
1132 556813
1133 556983
1134 557832
1135 558210
1136 558652
1137 559023
1138 559361
1139 559926
1140 560385
1141 560407
1142 560412
1143 561194
1144 562022
1145 562063
1146 562361
1147 563630
1148 564462
1149 565316
1150 565759
1151 566169
1152 566612
1153 566740
1154 567326
1155 567534
1156 567617
1157 567625
1158 569181
1159 569299
1160 569707
1161 570059
1162 570554
1163 571524
1164 571617
1165 571697
1166 571857
1167 572192
1168 572722
1169 574292
1170 574806
1171 574938
1172 575108
1173 576173
1174 576488
1175 576595
1176 577452
1177 577952
1178 577981
1179 578117
1180 578290
1181 578665
1182 579005
1183 579184
1184 579214
1185 579615
1186 580221
1187 580905
1188 581000
1189 581024
1190 581580
1191 581668
1192 583234
1193 583731
1194 584077
1195 584080
1196 585096
1197 585371
1198 586068
1199 586258
1200 587027
1201 588988
1202 589169
1203 590425
1204 590646
1205 590919
1206 591540
1207 591677
1208 592613
1209 592694
1210 592793
1211 592855
1212 593378
1213 594042
1214 594577
1215 594595
1216 594778
1217 595643
1218 596950
1219 597996
1220 599835
1221 600634
1222 601640
1223 601865
1224 601912
1225 602232
1226 602581
1227 603594
1228 604108
1229 604931
1230 606112
1231 606285
1232 607168
1233 608317
1234 608490
1235 608536
1236 608923
1237 609680
1238 610363
1239 612261
1240 612312
1241 612714
1242 613299
1243 613925
1244 614762
1245 615303
1246 616326
1247 617094
1248 617222
1249 617506
1250 617905
1251 618293
1252 618558
1253 619878
1254 620046
1255 620120
1256 620197
1257 622680
1258 623352
1259 624265
1260 626004
1261 626559
1262 626729
1263 626913
1264 627277
1265 627544
1266 628395
1267 629928
1268 629955
1269 630063
1270 630971
1271 631193
1272 631812
1273 633170
1274 634913
1275 635243
1276 635937
1277 636309
1278 636400
1279 636806
1280 636945
1281 637065
1282 638376
1283 638541
1284 638584
1285 638776
1286 639027
1287 639035
1288 639175
1289 639252
1290 639341
1291 639496
1292 640617
1293 640723
1294 640894
1295 641797
1296 641811
1297 643361
1298 643417
1299 643498
1300 643791
1301 644179
1302 644332
1303 644343
1304 645938
1305 646148
1306 646517
1307 647237
1308 648529
1309 648597
1310 649129
1311 651061
1312 651787
1313 651850
1314 652198
1315 652347
1316 652533
1317 652573
1318 653223
1319 653313
1320 653374
1321 653513
1322 653989
1323 655214
1324 655610
1325 656035
1326 656230
1327 656656
1328 658104
1329 659356
1330 661282
1331 662214
1332 662324
1333 662476
1334 662676
1335 663169
1336 664274
1337 664595
1338 665452
1339 666047
1340 666251
1341 666514
1342 666969
1343 667420
1344 667678
1345 667797
1346 668064
1347 668983
1348 669685
1349 670597
1350 670823
1351 670930
1352 671270
1353 671519
1354 671743
1355 671799
1356 672046
1357 672088
1358 672520
1359 672686
1360 673645
1361 675409
1362 675491
1363 676307
1364 677475
1365 677748
1366 678049
1367 679331
1368 681221
1369 682493
1370 683704
1371 683743
1372 684040
1373 685725
1374 686160
1375 687039
1376 687282
1377 688743
1378 688919
1379 689495
1380 689508
1381 690635
1382 691184
1383 692431
1384 692988
1385 693094
1386 693219
1387 694510
1388 694936
1389 695438
1390 695574
1391 695825
1392 696738
1393 696770
1394 697443
1395 697950
1396 698623
1397 699578
1398 699773
1399 700725
1400 700993
1401 701016
1402 701050
1403 701350
1404 702360
1405 702782
1406 703235
1407 703387
1408 704751
1409 705843
1410 706469
1411 706795
1412 707548
1413 707888
1414 708286
1415 708505
1416 710615
1417 711432
1418 711943
1419 712294
1420 712986
1421 712989
1422 713371
1423 713485
1424 713592
1425 714383
1426 714496
1427 714918
1428 715018
1429 715034
1430 715196
1431 715307
1432 715570
1433 717199
1434 717897
1435 718267
1436 718762
1437 719258
1438 720996
1439 721121
1440 721456
1441 721968
1442 722922
1443 723222
1444 723967
1445 724737
1446 725161
1447 725323
1448 725596
1449 725706
1450 726252
1451 726599
1452 727033
1453 727192
1454 728110
1455 728532
1456 728665
1457 728817
1458 728977
1459 729086
1460 729098
1461 729326
1462 729947
1463 730293
1464 730395
1465 730470
1466 730575
1467 731631
1468 732056
1469 735021
1470 735238
1471 735314
1472 735995
1473 737296
1474 737717
1475 737804
1476 737837
1477 738131
1478 738735
1479 738839
1480 739007
1481 740175
1482 740282
1483 741312
1484 741791
1485 742061
1486 742301
1487 744238
1488 746366
1489 747551
1490 748103
1491 748582
1492 748605
1493 748642
1494 748949
1495 749839
1496 750330
1497 750412
1498 750613
1499 751275
1500 752187
1501 752690
1502 752759
1503 752825
1504 753708
1505 754839
1506 755885
1507 756540
1508 756635
1509 756805
1510 756913
1511 758982
1512 759685
1513 760280
1514 760617
1515 760631
1516 762133
1517 762279
1518 763501
1519 764338
1520 764627
1521 764812
1522 765273
1523 765662
1524 766805
1525 767647
1526 767970
1527 768107
1528 768261
1529 769416
1530 769918
1531 769980
1532 770495
1533 770611
1534 770629
1535 771041
1536 771453
1537 771811
1538 771890
1539 772192
1540 772535
1541 772696
1542 772748
1543 774012
1544 776158
1545 776271
1546 777226
1547 777235
1548 777765
1549 777894
1550 778586
1551 778632
1552 779511
1553 779666
1554 780441
1555 781207
1556 781248
1557 782039
1558 783125
1559 783758
1560 784358
1561 784491
1562 784581
1563 785177
1564 785468
1565 785573
1566 786144
1567 786881
1568 786990
1569 788173
1570 788199
1571 788220
1572 788779
1573 789232
1574 789965
1575 790020
1576 790076
1577 790563
1578 790583
1579 790930
1580 791135
1581 791263
1582 791424
1583 791881
1584 791940
1585 792783
1586 793009
1587 793231
1588 793503
1589 794011
1590 794159
1591 794205
1592 794433
1593 795332
1594 796279
1595 797669
1596 799427
1597 799688
1598 800748
1599 801325
1600 801437
1601 801999
1602 802253
1603 803226
1604 803270
1605 804087
1606 804335
1607 804788
1608 804943
1609 805266
1610 805499
1611 805878
1612 806334
1613 807294
1614 807675
1615 809154
1616 809789
1617 810837
1618 810891
1619 811699
1620 811895
1621 812046
1622 812163
1623 812457
1624 813413
1625 814145
1626 814526
1627 815349
1628 816376
1629 817207
1630 817259
1631 817688
1632 817884
1633 818411
1634 818574
1635 818831
1636 819182
1637 819733
1638 819933
1639 820195
1640 820315
1641 820402
1642 821041
1643 821416
1644 821795
1645 822035
1646 822584
1647 822735
1648 823212
1649 823373
1650 823533
1651 823603
1652 824207
1653 825924
1654 826247
1655 826866
1656 827373
1657 827435
1658 828631
1659 829641
1660 831562
1661 831744
1662 831789
1663 832527
1664 832897
1665 833684
1666 833865
1667 833967
1668 834272
1669 834822
1670 835074
1671 835225
1672 835300
1673 835596
1674 836651
1675 837467
1676 839321
1677 839967
1678 840282
1679 840475
1680 840911
1681 844147
1682 844264
1683 845788
1684 846602
1685 846608
1686 847012
1687 847363
1688 847899
1689 848996
1690 849171
1691 849949
1692 850311
1693 850337
1694 850745
1695 850779
1696 851092
1697 851701
1698 852286
1699 852454
1700 852489
1701 852526
1702 853133
1703 853167
1704 853964
1705 854613
1706 854887
1707 855908
1708 856042
1709 857291
1710 857999
1711 858205
1712 859623
1713 859682
1714 859807
1715 859833
1716 859990
1717 860156
1718 860237
1719 860476
1720 861581
1721 861690
1722 862268
1723 862314
1724 862710
1725 863185
1726 863206
1727 863221
1728 863518
1729 863565
1730 863789
1731 863903
1732 864300
1733 864887
1734 865143
1735 865809
1736 866473
1737 866593
1738 866679
1739 866924
1740 867544
1741 869855
1742 870109
1743 870233
1744 871030
1745 871585
1746 871661
1747 871845
1748 871873
1749 872042
1750 872158
1751 872657
1752 872907
1753 873008
1754 874943
1755 877892
1756 878191
1757 879121
1758 879166
1759 879727
1760 880232
1761 880293
1762 880793
1763 880997
1764 881010
1765 881574
1766 881680
1767 882468
1768 882493
1769 882534
1770 883394
1771 884031
1772 884240
1773 884682
1774 884696
1775 884783
1776 885295
1777 886192
1778 887037
1779 888300
1780 888616
1781 888765
1782 888971
1783 889145
1784 889358
1785 889555
1786 889802
1787 889934
1788 890276
1789 890388
1790 891225
1791 892329
1792 893068
1793 894836
1794 895273
1795 895612
1796 895653
1797 896021
1798 896349
1799 897230
1800 897367
1801 897934
1802 897999
1803 899785
1804 900176
1805 901433
1806 904001
1807 904871
1808 904941
1809 904955
1810 905287
1811 905545
1812 906088
1813 906188
1814 906817
1815 907262
1816 907280
1817 907856
1818 908108
1819 908827
1820 909191
1821 910469
1822 910483
1823 911482
1824 911672
1825 911723
1826 913690
1827 914112
1828 915329
1829 917899
1830 918226
1831 918388
1832 918507
1833 919994
1834 920093
1835 920694
1836 921032
1837 921365
1838 921523
1839 921549
1840 923079
1841 923731
1842 925253
1843 926286
1844 926786
1845 928149
1846 928295
1847 928760
1848 928949
1849 929059
1850 930139
1851 930236
1852 930271
1853 930714
1854 933082
1855 933217
1856 934079
1857 935316
1858 935332
1859 935878
1860 935883
1861 936370
1862 936479
1863 937372
1864 937461
1865 937555
1866 938826
1867 938993
1868 939636
1869 939702
1870 940790
1871 940993
1872 941618
1873 943454
1874 943664
1875 944032
1876 944284
1877 946430
1878 947315
1879 947710
1880 948587
1881 948940
1882 949055
1883 949525
1884 949670
1885 949718
1886 949810
1887 950153
1888 950594
1889 950755
1890 951051
1891 952472
1892 953865
1893 953972
1894 954217
1895 954544
1896 955028
1897 955083
1898 955260
1899 956369
1900 956667
1901 956763
1902 957123
1903 957158
1904 957310
1905 958234
1906 958265
1907 958296
1908 959136
1909 960377
1910 960421
1911 960514
1912 960524
1913 960900
1914 960917
1915 961429
1916 963041
1917 963201
1918 965174
1919 965694
1920 966144
1921 966527
1922 966927
1923 967546
1924 968534
1925 968991
1926 969610
1927 971992
1928 972082
1929 972439
1930 972622
1931 972839
1932 972969
1933 973187
1934 973976
1935 974082
1936 974165
1937 974207
1938 974277
1939 974376
1940 974378
1941 974659
1942 974813
1943 974836
1944 974994
1945 975795
1946 977643
1947 977794
1948 979413
1949 979628
1950 979981
1951 980142
1952 980890
1953 981146
1954 981415
1955 981568
1956 981984
1957 982092
1958 982105
1959 983996
1960 984240
1961 984279
1962 984442
1963 985368
1964 985820
1965 986458
1966 986880
1967 987266
1968 987921
1969 987986
1970 988439
1971 988767
1972 988899
1973 989301
1974 989663
1975 990649
1976 990798
1977 990937
1978 991028
1979 991158
1980 991161
1981 991876
1982 992004
1983 992037
1984 993758
1985 994348
1986 994625
1987 994962
1988 994993
1989 995061
1990 995488
1991 996046
1992 996471
1993 997259
1994 997705
1995 997945
1996 998132
1997 998205
1998 998490
1999 998938
