# 2000 data points
# index number
0 998938
1 998490
2 998205
3 998132
4 997945
5 997705
6 997259
7 996471
8 996046
9 995488
10 995061
11 994993
12 994962
13 994625
14 994348
15 993758
16 992037
17 992004
18 991876
19 991161
20 991158
21 991028
22 990937
23 990798
24 990649
25 989663
26 989301
27 988899
28 988767
29 988439
30 987986
31 987921
32 987266
33 986880
34 986458
35 985820
36 985368
37 984442
38 984279
39 984240
40 983996
41 982105
42 982092
43 981984
44 981568
45 981415
46 981146
47 980890
48 980142
49 979981
50 979628
51 979413
52 977794
53 977643
54 975795
55 974994
56 974836
57 974813
58 974659
59 974378
60 974376
61 974277
62 974207
63 974165
64 974082
65 973976
66 973187
67 972969
68 972839
69 972622
70 972439
71 972082
72 971992
73 969610
74 968991
75 968534
76 967546
77 966927
78 966527
79 966144
80 965694
81 965174
82 963201
83 963041
84 961429
85 960917
86 960900
87 960524
88 960514
89 960421
90 960377
91 959136
92 958296
93 958265
94 958234
95 957310
96 957158
97 957123
98 956763
99 956667
100 956369
101 955260
102 955083
103 955028
104 954544
105 954217
106 953972
107 953865
108 952472
109 951051
110 950755
111 950594
112 950153
113 949810
114 949718
115 949670
116 949525
117 949055
118 948940
119 948587
120 947710
121 947315
122 946430
123 944284
124 944032
125 943664
126 943454
127 941618
128 940993
129 940790
130 939702
131 939636
132 938993
133 938826
134 937555
135 937461
136 937372
137 936479
138 936370
139 935883
140 935878
141 935332
142 935316
143 934079
144 933217
145 933082
146 930714
147 930271
148 930236
149 930139
150 929059
151 928949
152 928760
153 928295
154 928149
155 926786
156 926286
157 925253
158 923731
159 923079
160 921549
161 921523
162 921365
163 921032
164 920694
165 920093
166 919994
167 918507
168 918388
169 918226
170 917899
171 915329
172 914112
173 913690
174 911723
175 911672
176 911482
177 910483
178 910469
179 909191
180 908827
181 908108
182 907856
183 907280
184 907262
185 906817
186 906188
187 906088
188 905545
189 905287
190 904955
191 904941
192 904871
193 904001
194 901433
195 900176
196 899785
197 897999
198 897934
199 897367
200 897230
201 896349
202 896021
203 895653
204 895612
205 895273
206 894836
207 893068
208 892329
209 891225
210 890388
211 890276
212 889934
213 889802
214 889555
215 889358
216 889145
217 888971
218 888765
219 888616
220 888300
221 887037
222 886192
223 885295
224 884783
225 884696
226 884682
227 884240
228 884031
229 883394
230 882534
231 882493
232 882468
233 881680
234 881574
235 881010
236 880997
237 880793
238 880293
239 880232
240 879727
241 879166
242 879121
243 878191
244 877892
245 874943
246 873008
247 872907
248 872657
249 872158
250 872042
251 871873
252 871845
253 871661
254 871585
255 871030
256 870233
257 870109
258 869855
259 867544
260 866924
261 866679
262 866593
263 866473
264 865809
265 865143
266 864887
267 864300
268 863903
269 863789
270 863565
271 863518
272 863221
273 863206
274 863185
275 862710
276 862314
277 862268
278 861690
279 861581
280 860476
281 860237
282 860156
283 859990
284 859833
285 859807
286 859682
287 859623
288 858205
289 857999
290 857291
291 856042
292 855908
293 854887
294 854613
295 853964
296 853167
297 853133
298 852526
299 852489
300 852454
301 852286
302 851701
303 851092
304 850779
305 850745
306 850337
307 850311
308 849949
309 849171
310 848996
311 847899
312 847363
313 847012
314 846608
315 846602
316 845788
317 844264
318 844147
319 840911
320 840475
321 840282
322 839967
323 839321
324 837467
325 836651
326 835596
327 835300
328 835225
329 835074
330 834822
331 834272
332 833967
333 833865
334 833684
335 832897
336 832527
337 831789
338 831744
339 831562
340 829641
341 828631
342 827435
343 827373
344 826866
345 826247
346 825924
347 824207
348 823603
349 823533
350 823373
351 823212
352 822735
353 822584
354 822035
355 821795
356 821416
357 821041
358 820402
359 820315
360 820195
361 819933
362 819733
363 819182
364 818831
365 818574
366 818411
367 817884
368 817688
369 817259
370 817207
371 816376
372 815349
373 814526
374 814145
375 813413
376 812457
377 812163
378 812046
379 811895
380 811699
381 810891
382 810837
383 809789
384 809154
385 807675
386 807294
387 806334
388 805878
389 805499
390 805266
391 804943
392 804788
393 804335
394 804087
395 803270
396 803226
397 802253
398 801999
399 801437
400 801325
401 800748
402 799688
403 799427
404 797669
405 796279
406 795332
407 794433
408 794205
409 794159
410 794011
411 793503
412 793231
413 793009
414 792783
415 791940
416 791881
417 791424
418 791263
419 791135
420 790930
421 790583
422 790563
423 790076
424 790020
425 789965
426 789232
427 788779
428 788220
429 788199
430 788173
431 786990
432 786881
433 786144
434 785573
435 785468
436 785177
437 784581
438 784491
439 784358
440 783758
441 783125
442 782039
443 781248
444 781207
445 780441
446 779666
447 779511
448 778632
449 778586
450 777894
451 777765
452 777235
453 777226
454 776271
455 776158
456 774012
457 772748
458 772696
459 772535
460 772192
461 771890
462 771811
463 771453
464 771041
465 770629
466 770611
467 770495
468 769980
469 769918
470 769416
471 768261
472 768107
473 767970
474 767647
475 766805
476 765662
477 765273
478 764812
479 764627
480 764338
481 763501
482 762279
483 762133
484 760631
485 760617
486 760280
487 759685
488 758982
489 756913
490 756805
491 756635
492 756540
493 755885
494 754839
495 753708
496 752825
497 752759
498 752690
499 752187
500 751275
501 750613
502 750412
503 750330
504 749839
505 748949
506 748642
507 748605
508 748582
509 748103
510 747551
511 746366
512 744238
513 742301
514 742061
515 741791
516 741312
517 740282
518 740175
519 739007
520 738839
521 738735
522 738131
523 737837
524 737804
525 737717
526 737296
527 735995
528 735314
529 735238
530 735021
531 732056
532 731631
533 730575
534 730470
535 730395
536 730293
537 729947
538 729326
539 729098
540 729086
541 728977
542 728817
543 728665
544 728532
545 728110
546 727192
547 727033
548 726599
549 726252
550 725706
551 725596
552 725323
553 725161
554 724737
555 723967
556 723222
557 722922
558 721968
559 721456
560 721121
561 720996
562 719258
563 718762
564 718267
565 717897
566 717199
567 715570
568 715307
569 715196
570 715034
571 715018
572 714918
573 714496
574 714383
575 713592
576 713485
577 713371
578 712989
579 712986
580 712294
581 711943
582 711432
583 710615
584 708505
585 708286
586 707888
587 707548
588 706795
589 706469
590 705843
591 704751
592 703387
593 703235
594 702782
595 702360
596 701350
597 701050
598 701016
599 700993
600 700725
601 699773
602 699578
603 698623
604 697950
605 697443
606 696770
607 696738
608 695825
609 695574
610 695438
611 694936
612 694510
613 693219
614 693094
615 692988
616 692431
617 691184
618 690635
619 689508
620 689495
621 688919
622 688743
623 687282
624 687039
625 686160
626 685725
627 684040
628 683743
629 683704
630 682493
631 681221
632 679331
633 678049
634 677748
635 677475
636 676307
637 675491
638 675409
639 673645
640 672686
641 672520
642 672088
643 672046
644 671799
645 671743
646 671519
647 671270
648 670930
649 670823
650 670597
651 669685
652 668983
653 668064
654 667797
655 667678
656 667420
657 666969
658 666514
659 666251
660 666047
661 665452
662 664595
663 664274
664 663169
665 662676
666 662476
667 662324
668 662214
669 661282
670 659356
671 658104
672 656656
673 656230
674 656035
675 655610
676 655214
677 653989
678 653513
679 653374
680 653313
681 653223
682 652573
683 652533
684 652347
685 652198
686 651850
687 651787
688 651061
689 649129
690 648597
691 648529
692 647237
693 646517
694 646148
695 645938
696 644343
697 644332
698 644179
699 643791
700 643498
701 643417
702 643361
703 641811
704 641797
705 640894
706 640723
707 640617
708 639496
709 639341
710 639252
711 639175
712 639035
713 639027
714 638776
715 638584
716 638541
717 638376
718 637065
719 636945
720 636806
721 636400
722 636309
723 635937
724 635243
725 634913
726 633170
727 631812
728 631193
729 630971
730 630063
731 629955
732 629928
733 628395
734 627544
735 627277
736 626913
737 626729
738 626559
739 626004
740 624265
741 623352
742 622680
743 620197
744 620120
745 620046
746 619878
747 618558
748 618293
749 617905
750 617506
751 617222
752 617094
753 616326
754 615303
755 614762
756 613925
757 613299
758 612714
759 612312
760 612261
761 610363
762 609680
763 608923
764 608536
765 608490
766 608317
767 607168
768 606285
769 606112
770 604931
771 604108
772 603594
773 602581
774 602232
775 601912
776 601865
777 601640
778 600634
779 599835
780 597996
781 596950
782 595643
783 594778
784 594595
785 594577
786 594042
787 593378
788 592855
789 592793
790 592694
791 592613
792 591677
793 591540
794 590919
795 590646
796 590425
797 589169
798 588988
799 587027
800 586258
801 586068
802 585371
803 585096
804 584080
805 584077
806 583731
807 583234
808 581668
809 581580
810 581024
811 581000
812 580905
813 580221
814 579615
815 579214
816 579184
817 579005
818 578665
819 578290
820 578117
821 577981
822 577952
823 577452
824 576595
825 576488
826 576173
827 575108
828 574938
829 574806
830 574292
831 572722
832 572192
833 571857
834 571697
835 571617
836 571524
837 570554
838 570059
839 569707
840 569299
841 569181
842 567625
843 567617
844 567534
845 567326
846 566740
847 566612
848 566169
849 565759
850 565316
851 564462
852 563630
853 562361
854 562063
855 562022
856 561194
857 560412
858 560407
859 560385
860 559926
861 559361
862 559023
863 558652
864 558210
865 557832
866 556983
867 556813
868 555973
869 555973
870 555729
871 555277
872 555232
873 554874
874 554510
875 553678
876 553422
877 552499
878 552372
879 552130
880 551972
881 551902
882 551650
883 551398
884 551255
885 551200
886 550602
887 549088
888 548369
889 548354
890 548122
891 548070
892 548041
893 546343
894 546275
895 545625
896 545551
897 545286
898 544524
899 544421
900 544268
901 543693
902 543579
903 543219
904 542242
905 542147
906 541984
907 541886
908 541044
909 540426
910 539130
911 538464
912 537296
913 537099
914 536971
915 536355
916 535845
917 535767
918 535528
919 533742
920 533545
921 533483
922 533347
923 532859
924 532712
925 532388
926 532049
927 531182
928 531113
929 529747
930 529675
931 529457
932 529428
933 529401
934 528638
935 528512
936 527963
937 527949
938 527888
939 527641
940 527568
941 526727
942 526236
943 526020
944 525928
945 525816
946 523298
947 522783
948 522271
949 522245
950 521444
951 521389
952 521139
953 519405
954 519139
955 519108
956 519004
957 518817
958 518609
959 518461
960 517936
961 517637
962 517531
963 517066
964 517025
965 516934
966 515306
967 515110
968 515067
969 514370
970 514267
971 511736
972 510903
973 510215
974 509407
975 508718
976 508420
977 507968
978 507893
979 507766
980 507011
981 506456
982 506298
983 504951
984 504920
985 504884
986 504638
987 503382
988 503098
989 502934
990 502472
991 502368
992 501990
993 501828
994 501735
995 500959
996 499771
997 498725
998 498555
999 497841
1000 496922
1001 496524
1002 496172
1003 494906
1004 493838
1005 493782
1006 492665
1007 492060
1008 491173
1009 490632
1010 490605
1011 490096
1012 489262
1013 488755
1014 488613
1015 487675
1016 487617
1017 485910
1018 485707
1019 485401
1020 484998
1021 484825
1022 484816
1023 483977
1024 483913
1025 483817
1026 483232
1027 481806
1028 481195
1029 480546
1030 480392
1031 479788
1032 479685
1033 479678
1034 479348
1035 478966
1036 478157
1037 478082
1038 477589
1039 477465
1040 477306
1041 477059
1042 476639
1043 476359
1044 475684
1045 475658
1046 475411
1047 475279
1048 475131
1049 474720
1050 474600
1051 474349
1052 474323
1053 474102
1054 473149
1055 472865
1056 472156
1057 471940
1058 471717
1059 470707
1060 470611
1061 469030
1062 468956
1063 467816
1064 467703
1065 466384
1066 465883
1067 465545
1068 464814
1069 464120
1070 463996
1071 463240
1072 461840
1073 461484
1074 461245
1075 460191
1076 460188
1077 459742
1078 459029
1079 458038
1080 457518
1081 457399
1082 456938
1083 456743
1084 456413
1085 456229
1086 455507
1087 455506
1088 454740
1089 453575
1090 453283
1091 452658
1092 451491
1093 451343
1094 450694
1095 449525
1096 449194
1097 448798
1098 448486
1099 448312
1100 447677
1101 446730
1102 446045
1103 444936
1104 444676
1105 444372
1106 444314
1107 443904
1108 443620
1109 443594
1110 443404
1111 442482
1112 441749
1113 440960
1114 440620
1115 439994
1116 439373
1117 438517
1118 435549
1119 435033
1120 434558
1121 434430
1122 434211
1123 434163
1124 432897
1125 432195
1126 430653
1127 430348
1128 430010
1129 429910
1130 429354
1131 429278
1132 428793
1133 428693
1134 427395
1135 427240
1136 426949
1137 425894
1138 425806
1139 425780
1140 424981
1141 424704
1142 424666
1143 424374
1144 423944
1145 423806
1146 423426
1147 423350
1148 422892
1149 422592
1150 422536
1151 422104
1152 421157
1153 421064
1154 420004
1155 419027
1156 418992
1157 418858
1158 418435
1159 418084
1160 417678
1161 417586
1162 417335
1163 417151
1164 417145
1165 417138
1166 416095
1167 415017
1168 414969
1169 414509
1170 414343
1171 413706
1172 411388
1173 411372
1174 411290
1175 411234
1176 410449
1177 410389
1178 409473
1179 407891
1180 407855
1181 407388
1182 406750
1183 406668
1184 406012
1185 404528
1186 404392
1187 403441
1188 403316
1189 401693
1190 401296
1191 400696
1192 400368
1193 400163
1194 400011
1195 399508
1196 399144
1197 398980
1198 398600
1199 398563
1200 398117
1201 397205
1202 397043
1203 396710
1204 396004
1205 394731
1206 393608
1207 393562
1208 393128
1209 392202
1210 391408
1211 390682
1212 390187
1213 390110
1214 389964
1215 389742
1216 389724
1217 388996
1218 388532
1219 388382
1220 387683
1221 386886
1222 386141
1223 386046
1224 384765
1225 384663
1226 384131
1227 383330
1228 383031
1229 382609
1230 382241
1231 381227
1232 380856
1233 380672
1234 380459
1235 380258
1236 379999
1237 379825
1238 378412
1239 378120
1240 376909
1241 376817
1242 376726
1243 376611
1244 376274
1245 376047
1246 376027
1247 375958
1248 374811
1249 374548
1250 374376
1251 373668
1252 373638
1253 373053
1254 372753
1255 372659
1256 372432
1257 372252
1258 372165
1259 371897
1260 371062
1261 370386
1262 369765
1263 369342
1264 368427
1265 367711
1266 367024
1267 366908
1268 366240
1269 364530
1270 364513
1271 363783
1272 363751
1273 363060
1274 362732
1275 362186
1276 362135
1277 360696
1278 360467
1279 360467
1280 360385
1281 360332
1282 360268
1283 359590
1284 359215
1285 359126
1286 358637
1287 357594
1288 357193
1289 356597
1290 356247
1291 355336
1292 354932
1293 354638
1294 353533
1295 352922
1296 352744
1297 350926
1298 350725
1299 349604
1300 349131
1301 348446
1302 348360
1303 348182
1304 347562
1305 346400
1306 346036
1307 345895
1308 345700
1309 345696
1310 345373
1311 345238
1312 344476
1313 344105
1314 343834
1315 342590
1316 342136
1317 342094
1318 341875
1319 341536
1320 340887
1321 340737
1322 340225
1323 339554
1324 339426
1325 338750
1326 338348
1327 337321
1328 336981
1329 336276
1330 336178
1331 336007
1332 335719
1333 335343
1334 335013
1335 333793
1336 333791
1337 333365
1338 333100
1339 332939
1340 331603
1341 331477
1342 331087
1343 330747
1344 330372
1345 330145
1346 330138
1347 330104
1348 329915
1349 329776
1350 328835
1351 328320
1352 327861
1353 327480
1354 326922
1355 325977
1356 324750
1357 324470
1358 323684
1359 323508
1360 323406
1361 323334
1362 323237
1363 322716
1364 322221
1365 321832
1366 319712
1367 319637
1368 319294
1369 319194
1370 319101
1371 318589
1372 318239
1373 317978
1374 317781
1375 317757
1376 317229
1377 316899
1378 316856
1379 316314
1380 316087
1381 315183
1382 314997
1383 314780
1384 314659
1385 313432
1386 312735
1387 312356
1388 312317
1389 311539
1390 311051
1391 310997
1392 310728
1393 310615
1394 310591
1395 310589
1396 310389
1397 309967
1398 309714
1399 309009
1400 306336
1401 306236
1402 306235
1403 305818
1404 304982
1405 304912
1406 304692
1407 303957
1408 303812
1409 303802
1410 303061
1411 302518
1412 302149
1413 301584
1414 301424
1415 301024
1416 300614
1417 299693
1418 299184
1419 298830
1420 298823
1421 298801
1422 298614
1423 298318
1424 297921
1425 296899
1426 296647
1427 296207
1428 296002
1429 295307
1430 294825
1431 294427
1432 293810
1433 293751
1434 293713
1435 292206
1436 291949
1437 290893
1438 290753
1439 290093
1440 289395
1441 288920
1442 288209
1443 287021
1444 286866
1445 286578
1446 286411
1447 286012
1448 285321
1449 285135
1450 284846
1451 284652
1452 284084
1453 282674
1454 282102
1455 282077
1456 281456
1457 280863
1458 280460
1459 279856
1460 277925
1461 276452
1462 276128
1463 275597
1464 275485
1465 273407
1466 273230
1467 272557
1468 272041
1469 271511
1470 271505
1471 271158
1472 270900
1473 270647
1474 269725
1475 269276
1476 268840
1477 268656
1478 268279
1479 268195
1480 267935
1481 267808
1482 267040
1483 267027
1484 266911
1485 266389
1486 266061
1487 265704
1488 265115
1489 265088
1490 264728
1491 264367
1492 264274
1493 263721
1494 261458
1495 261220
1496 260781
1497 260452
1498 260414
1499 260264
1500 259304
1501 259263
1502 257880
1503 257720
1504 256917
1505 256583
1506 255567
1507 255154
1508 254683
1509 254382
1510 254005
1511 253812
1512 253146
1513 252732
1514 252635
1515 252396
1516 252037
1517 252034
1518 251579
1519 251439
1520 250933
1521 249673
1522 248182
1523 247564
1524 247001
1525 246671
1526 246225
1527 246214
1528 245783
1529 245567
1530 244912
1531 244552
1532 243560
1533 243536
1534 243443
1535 242607
1536 241400
1537 239786
1538 239521
1539 239516
1540 239468
1541 239083
1542 238956
1543 238918
1544 238232
1545 238219
1546 237941
1547 236674
1548 236308
1549 235013
1550 234379
1551 232022
1552 231798
1553 231177
1554 231171
1555 230904
1556 229202
1557 229161
1558 228834
1559 228727
1560 228689
1561 227289
1562 227149
1563 226342
1564 225660
1565 225558
1566 225359
1567 225088
1568 224192
1569 224005
1570 223698
1571 223654
1572 223080
1573 223074
1574 222817
1575 221828
1576 221573
1577 221201
1578 220258
1579 217845
1580 216442
1581 216343
1582 216071
1583 215384
1584 214983
1585 214493
1586 214067
1587 213945
1588 212727
1589 212144
1590 212036
1591 211121
1592 210250
1593 210007
1594 209828
1595 209378
1596 209017
1597 208291
1598 208185
1599 207390
1600 207285
1601 207028
1602 206724
1603 206544
1604 206484
1605 205773
1606 205608
1607 203585
1608 203564
1609 203325
1610 203291
1611 202942
1612 202941
1613 202777
1614 202340
1615 201532
1616 201353
1617 201279
1618 200966
1619 200385
1620 200096
1621 199487
1622 198669
1623 198592
1624 198328
1625 198095
1626 197737
1627 197619
1628 197272
1629 195693
1630 195658
1631 195346
1632 195072
1633 194801
1634 193764
1635 193578
1636 192688
1637 192531
1638 192085
1639 191834
1640 191616
1641 191580
1642 191479
1643 191469
1644 191296
1645 190648
1646 189072
1647 189043
1648 188806
1649 188018
1650 187830
1651 187756
1652 186655
1653 185719
1654 183301
1655 182917
1656 182734
1657 181831
1658 181454
1659 180960
1660 180022
1661 178399
1662 177584
1663 175537
1664 175169
1665 174588
1666 173393
1667 173294
1668 172579
1669 171676
1670 171156
1671 170656
1672 170545
1673 169830
1674 169765
1675 169612
1676 168381
1677 167984
1678 167265
1679 166809
1680 166714
1681 166651
1682 165834
1683 165722
1684 164014
1685 163837
1686 163771
1687 163608
1688 163289
1689 163165
1690 162922
1691 162224
1692 162171
1693 161248
1694 160880
1695 160874
1696 160650
1697 160614
1698 160549
1699 160261
1700 159998
1701 159987
1702 159464
1703 159221
1704 158317
1705 158265
1706 157880
1707 157087
1708 156961
1709 156440
1710 156330
1711 155272
1712 155147
1713 154899
1714 154733
1715 154007
1716 153164
1717 153041
1718 152761
1719 152498
1720 149976
1721 149962
1722 149541
1723 148590
1724 148341
1725 147861
1726 147258
1727 146664
1728 146464
1729 145728
1730 145201
1731 145096
1732 144834
1733 144451
1734 144348
1735 143438
1736 143261
1737 143187
1738 143159
1739 142801
1740 142212
1741 141275
1742 141145
1743 140897
1744 140437
1745 137737
1746 136816
1747 136314
1748 136311
1749 136237
1750 136216
1751 135302
1752 135188
1753 134653
1754 132821
1755 132579
1756 131865
1757 131833
1758 130990
1759 130487
1760 129606
1761 129430
1762 128614
1763 128011
1764 128008
1765 127302
1766 127185
1767 127010
1768 125941
1769 125477
1770 125383
1771 125147
1772 124830
1773 124663
1774 124627
1775 124270
1776 122756
1777 122540
1778 121675
1779 121538
1780 121389
1781 121336
1782 120783
1783 120676
1784 120323
1785 120053
1786 119041
1787 118639
1788 118332
1789 117961
1790 117783
1791 117398
1792 117390
1793 116332
1794 116079
1795 114203
1796 114193
1797 114079
1798 113638
1799 112706
1800 112684
1801 112428
1802 112037
1803 111857
1804 111471
1805 111381
1806 111006
1807 110613
1808 110443
1809 110101
1810 108090
1811 107606
1812 105963
1813 105832
1814 102737
1815 100823
1816 100736
1817 100064
1818 99794
1819 99171
1820 98607
1821 97982
1822 97328
1823 97159
1824 96643
1825 96131
1826 95739
1827 95526
1828 94777
1829 94728
1830 94341
1831 94046
1832 93968
1833 93569
1834 93042
1835 92756
1836 91467
1837 91423
1838 91279
1839 90580
1840 89904
1841 89103
1842 88579
1843 86245
1844 85633
1845 84418
1846 84253
1847 84094
1848 83981
1849 83334
1850 81997
1851 81883
1852 80978
1853 80902
1854 80705
1855 80101
1856 79047
1857 79002
1858 78965
1859 78814
1860 78175
1861 77554
1862 77130
1863 77070
1864 76685
1865 76194
1866 76154
1867 75930
1868 75918
1869 75533
1870 75156
1871 75108
1872 74988
1873 74823
1874 74367
1875 74215
1876 73756
1877 73030
1878 72841
1879 72673
1880 69847
1881 69586
1882 68987
1883 67852
1884 67228
1885 66203
1886 65647
1887 64867
1888 64547
1889 64403
1890 64361
1891 63456
1892 63414
1893 62683
1894 62317
1895 62268
1896 61598
1897 61162
1898 60942
1899 60797
1900 60440
1901 59961
1902 59570
1903 59534
1904 59168
1905 58588
1906 56814
1907 56236
1908 56042
1909 54814
1910 54556
1911 53624
1912 53491
1913 53291
1914 52840
1915 52255
1916 51485
1917 49499
1918 48649
1919 48207
1920 48070
1921 47617
1922 47480
1923 47334
1924 46312
1925 45392
1926 44812
1927 43891
1928 42382
1929 42268
1930 41966
1931 41770
1932 41591
1933 41470
1934 39606
1935 39377
1936 38294
1937 37958
1938 37871
1939 37462
1940 37209
1941 36485
1942 36262
1943 35398
1944 34518
1945 33346
1946 32533
1947 32520
1948 32154
1949 31990
1950 31267
1951 30145
1952 27136
1953 27127
1954 27106
1955 26886
1956 26523
1957 25931
1958 25265
1959 24345
1960 24280
1961 24272
1962 24260
1963 23684
1964 22185
1965 22064
1966 20434
1967 18239
1968 17575
1969 16898
1970 16895
1971 16794
1972 16634
1973 16041
1974 15105
1975 13970
1976 13895
1977 13610
1978 13140
1979 11665
1980 11588
1981 11486
1982 8259
1983 7448
1984 7360
1985 7172
1986 5806
1987 3247
1988 3123
1989 2796
1990 2650
1991 2111
1992 1403
1993 1279
1994 1034
1995 672
1996 588
1997 523
1998 418
1999 175
