# 4000 data points
# index number
0 115
1 149
2 547
3 831
4 833
5 926
6 1524
7 1816
8 2013
9 2248
10 2296
11 2508
12 2591
13 2760
14 2804
15 2998
16 3105
17 3562
18 3744
19 3941
20 4361
21 4429
22 4487
23 4831
24 4888
25 4942
26 5432
27 5868
28 6089
29 6097
30 6111
31 6556
32 6575
33 6711
34 6926
35 7100
36 7378
37 7400
38 7707
39 7819
40 8015
41 8025
42 8027
43 8106
44 8393
45 8410
46 8571
47 9256
48 9304
49 9581
50 9800
51 9824
52 9998
53 10578
54 12014
55 12714
56 13355
57 13385
58 13798
59 14170
60 14290
61 14598
62 14723
63 14725
64 15570
65 15824
66 15848
67 15871
68 16125
69 16231
70 17447
71 17877
72 18047
73 18191
74 18738
75 18746
76 18801
77 19000
78 19077
79 19445
80 21061
81 21402
82 21418
83 22111
84 22157
85 22287
86 22378
87 22744
88 22812
89 23068
90 23715
91 23856
92 24162
93 24214
94 24271
95 24304
96 24637
97 24724
98 24766
99 24921
100 25334
101 25784
102 25917
103 26208
104 26211
105 26801
106 27852
107 27907
108 28219
109 28800
110 28809
111 29027
112 29143
113 29475
114 29566
115 29704
116 29787
117 29882
118 29926
119 30319
120 30375
121 30448
122 30514
123 30749
124 30789
125 30920
126 30928
127 31379
128 31428
129 31556
130 31682
131 31703
132 31730
133 31790
134 31967
135 32019
136 32043
137 32046
138 32782
139 32800
140 32966
141 32978
142 33041
143 33468
144 33669
145 33890
146 34264
147 34471
148 34672
149 34724
150 34873
151 34888
152 35083
153 35735
154 36376
155 36418
156 36932
157 37033
158 37151
159 37447
160 37649
161 37866
162 38028
163 38111
164 38245
165 38426
166 38801
167 38882
168 39090
169 39648
170 40295
171 40388
172 40414
173 40504
174 40784
175 40905
176 41209
177 41444
178 41514
179 41618
180 42052
181 42310
182 42337
183 42779
184 42896
185 42974
186 43003
187 43083
188 43570
189 43978
190 44777
191 45227
192 45621
193 45649
194 46512
195 46515
196 46970
197 47027
198 47144
199 47222
200 47393
201 47599
202 47739
203 48063
204 48264
205 48327
206 48363
207 48404
208 48609
209 48705
210 48738
211 48886
212 48969
213 49251
214 49611
215 49924
216 50034
217 50129
218 50138
219 50444
220 50672
221 51019
222 51210
223 51318
224 52026
225 52459
226 53017
227 53415
228 53690
229 54580
230 54620
231 54688
232 55211
233 55242
234 55412
235 55540
236 55624
237 56202
238 56446
239 56527
240 57030
241 57114
242 57356
243 57360
244 57426
245 57711
246 57802
247 58128
248 58485
249 58634
250 58657
251 58800
252 59333
253 60425
254 60431
255 61073
256 61512
257 62210
258 62313
259 62639
260 62656
261 62763
262 62834
263 62933
264 63068
265 63499
266 63734
267 63753
268 63835
269 64323
270 64460
271 65208
272 65223
273 65344
274 65610
275 65659
276 65689
277 65715
278 65731
279 65740
280 65869
281 66212
282 66573
283 66616
284 67092
285 67807
286 68058
287 68496
288 68717
289 68747
290 69254
291 69319
292 69379
293 69463
294 69518
295 69610
296 69717
297 69780
298 69856
299 70064
300 70115
301 70138
302 70458
303 71241
304 71282
305 71524
306 71704
307 73077
308 73110
309 73232
310 73320
311 73340
312 73555
313 74860
314 75092
315 75251
316 75501
317 76064
318 76329
319 76564
320 76799
321 77265
322 77536
323 78164
324 78511
325 79170
326 79748
327 80170
328 80287
329 80665
330 81085
331 81662
332 81802
333 81864
334 81900
335 81981
336 82449
337 82509
338 82977
339 83008
340 83575
341 83638
342 84106
343 84285
344 84408
345 84646
346 84983
347 85037
348 85194
349 85318
350 85327
351 85351
352 85462
353 85548
354 85548
355 85945
356 86211
357 86897
358 86993
359 87275
360 87729
361 87873
362 88026
363 88036
364 88154
365 88273
366 88307
367 88421
368 88564
369 88583
370 88612
371 88644
372 88686
373 91274
374 91363
375 91555
376 91592
377 91615
378 91819
379 91881
380 91954
381 91962
382 92321
383 92436
384 92467
385 92528
386 92907
387 93203
388 93237
389 93653
390 93695
391 93712
392 93805
393 94061
394 94204
395 94340
396 94594
397 94615
398 94618
399 94723
400 94892
401 94976
402 95437
403 95532
404 95966
405 96117
406 96527
407 96865
408 97864
409 97972
410 98851
411 99190
412 99339
413 99616
414 99863
415 99867
416 100178
417 100305
418 100436
419 100526
420 100910
421 101046
422 101353
423 101681
424 101956
425 102347
426 102519
427 102604
428 102615
429 102648
430 102812
431 102878
432 103007
433 103778
434 104364
435 104419
436 104683
437 104747
438 104955
439 105166
440 105684
441 105691
442 106315
443 106623
444 106869
445 106970
446 107469
447 108138
448 108741
449 108743
450 109938
451 110053
452 110299
453 110310
454 110413
455 110521
456 110787
457 110936
458 110963
459 111219
460 111473
461 111557
462 111672
463 111857
464 112121
465 112326
466 112405
467 112425
468 112838
469 113589
470 113883
471 114051
472 114458
473 114523
474 114658
475 114868
476 114975
477 115133
478 115964
479 116028
480 116094
481 116328
482 117200
483 117574
484 117671
485 117979
486 118155
487 118557
488 118708
489 118765
490 118833
491 118919
492 118956
493 118968
494 119228
495 119452
496 119565
497 119899
498 120088
499 120392
500 120725
501 120879
502 121046
503 121814
504 122223
505 122292
506 122448
507 122496
508 122562
509 122613
510 122723
511 122770
512 123010
513 123081
514 123623
515 123876
516 124050
517 124690
518 124714
519 124866
520 125315
521 125495
522 125635
523 125970
524 126665
525 126900
526 127143
527 127351
528 127611
529 127875
530 128006
531 128255
532 128369
533 128465
534 128651
535 129131
536 129239
537 129332
538 129439
539 129510
540 129536
541 129949
542 130423
543 130856
544 131730
545 131845
546 132052
547 132208
548 132235
549 132550
550 132620
551 132831
552 133106
553 133667
554 133722
555 134148
556 134216
557 134252
558 134274
559 134596
560 134617
561 134888
562 135498
563 135815
564 136070
565 136839
566 136843
567 136906
568 136950
569 137179
570 137527
571 138470
572 138516
573 138534
574 138802
575 138830
576 138944
577 139054
578 139068
579 139074
580 139303
581 139457
582 139711
583 139994
584 140507
585 140520
586 140603
587 140949
588 141002
589 141120
590 141567
591 142278
592 142678
593 142924
594 143097
595 143201
596 143281
597 143284
598 143540
599 143556
600 143770
601 143813
602 143889
603 143917
604 144135
605 144581
606 144874
607 144915
608 144992
609 145666
610 146037
611 146959
612 147125
613 147181
614 147303
615 147524
616 147609
617 147654
618 148077
619 148095
620 148670
621 149051
622 149102
623 149445
624 149760
625 149876
626 149947
627 150149
628 150477
629 150718
630 151103
631 151120
632 151221
633 151348
634 151451
635 151545
636 152152
637 152213
638 152216
639 152599
640 152776
641 152790
642 152890
643 152967
644 153106
645 153322
646 153808
647 153936
648 154521
649 154528
650 155045
651 155053
652 155192
653 155214
654 155501
655 155702
656 155727
657 156054
658 156247
659 156278
660 156354
661 156499
662 156515
663 156673
664 156861
665 156875
666 156881
667 156927
668 157175
669 157307
670 157396
671 157530
672 157622
673 158262
674 158362
675 158465
676 158774
677 159163
678 159565
679 159883
680 159984
681 161314
682 161447
683 161480
684 161960
685 162062
686 162261
687 162297
688 162597
689 162715
690 162818
691 162834
692 162962
693 163117
694 163247
695 163345
696 163795
697 164149
698 164461
699 164596
700 164782
701 164798
702 165068
703 165327
704 165582
705 166567
706 166587
707 167040
708 167246
709 167346
710 167351
711 169872
712 169926
713 169957
714 169968
715 170140
716 170146
717 170192
718 170236
719 170264
720 170346
721 170381
722 170580
723 171036
724 171256
725 171598
726 171620
727 171701
728 171805
729 171915
730 172063
731 172452
732 172461
733 172904
734 173360
735 173822
736 174284
737 174420
738 174943
739 175033
740 175506
741 175764
742 175828
743 175877
744 176028
745 176310
746 176462
747 176473
748 176769
749 176974
750 177181
751 177377
752 177580
753 177604
754 177841
755 178479
756 178644
757 178823
758 178973
759 179269
760 179475
761 179711
762 180306
763 180456
764 180772
765 180988
766 182432
767 182465
768 182563
769 182980
770 183303
771 183849
772 183981
773 184210
774 184709
775 184784
776 184869
777 184884
778 184996
779 185409
780 185521
781 185782
782 186010
783 186194
784 186266
785 186707
786 186764
787 186945
788 187113
789 187439
790 187520
791 187902
792 187930
793 188061
794 188112
795 188527
796 188911
797 188986
798 190186
799 190278
800 190386
801 190634
802 190742
803 191132
804 191185
805 191506
806 191574
807 191657
808 191747
809 191835
810 191921
811 192059
812 193270
813 193676
814 194448
815 194456
816 194637
817 194734
818 195100
819 195123
820 195137
821 195140
822 195243
823 195649
824 195914
825 197059
826 197106
827 197260
828 197286
829 197466
830 197699
831 197978
832 198220
833 198470
834 198787
835 198835
836 199387
837 199458
838 199648
839 199671
840 199788
841 200286
842 200443
843 200475
844 200626
845 201025
846 202062
847 202323
848 202658
849 202862
850 203670
851 203799
852 204464
853 204653
854 204668
855 204962
856 205439
857 205806
858 206000
859 207098
860 207178
861 207231
862 208049
863 208177
864 208932
865 209387
866 209985
867 210079
868 210215
869 210384
870 210557
871 210647
872 211137
873 211249
874 211341
875 211644
876 211645
877 211827
878 213942
879 214110
880 214368
881 214571
882 214634
883 214669
884 214709
885 214930
886 215302
887 215505
888 216564
889 216629
890 216845
891 217172
892 217241
893 217566
894 217759
895 218002
896 218514
897 218608
898 219697
899 219905
900 220371
901 220411
902 220810
903 221263
904 221352
905 221564
906 221777
907 222132
908 222339
909 222499
910 223087
911 223201
912 223792
913 224129
914 224210
915 224505
916 225011
917 225015
918 225033
919 225346
920 225351
921 225450
922 226209
923 226332
924 226713
925 226722
926 226964
927 227102
928 227332
929 227419
930 227541
931 227655
932 228223
933 228372
934 228387
935 228403
936 228978
937 229488
938 229876
939 230069
940 230104
941 230126
942 230236
943 230654
944 231314
945 231524
946 231701
947 231985
948 232445
949 232456
950 232630
951 233026
952 233082
953 233399
954 233661
955 234078
956 234356
957 234580
958 234983
959 235225
960 235280
961 235373
962 235614
963 235736
964 236471
965 236532
966 236770
967 236974
968 237473
969 237698
970 237835
971 238453
972 238586
973 238959
974 239473
975 239602
976 239677
977 239895
978 239981
979 240024
980 240283
981 240334
982 240751
983 241416
984 241496
985 241862
986 242218
987 242274
988 242658
989 242893
990 242929
991 243110
992 243112
993 243517
994 243750
995 243821
996 243828
997 244408
998 244449
999 244597
1000 244637
1001 244718
1002 244884
1003 244906
1004 245033
1005 245258
1006 245377
1007 245533
1008 245689
1009 246314
1010 246431
1011 246655
1012 246939
1013 246981
1014 247016
1015 247274
1016 247440
1017 247474
1018 247481
1019 247618
1020 247641
1021 247653
1022 247729
1023 248086
1024 248528
1025 248730
1026 248802
1027 248846
1028 249255
1029 250231
1030 251013
1031 251654
1032 251654
1033 251790
1034 251925
1035 252843
1036 253077
1037 253511
1038 253704
1039 253800
1040 253871
1041 254215
1042 254306
1043 254547
1044 254899
1045 254946
1046 255157
1047 255742
1048 255757
1049 256003
1050 256076
1051 256609
1052 257188
1053 257240
1054 257992
1055 258163
1056 258284
1057 258405
1058 258954
1059 259029
1060 259052
1061 259180
1062 259378
1063 259413
1064 259710
1065 259714
1066 260661
1067 261180
1068 261295
1069 261397
1070 261446
1071 261485
1072 261608
1073 261968
1074 262267
1075 262369
1076 262415
1077 262800
1078 262836
1079 262920
1080 263301
1081 263931
1082 264230
1083 264417
1084 264966
1085 265272
1086 265316
1087 265318
1088 265776
1089 265861
1090 266327
1091 266535
1092 266719
1093 266754
1094 267011
1095 267761
1096 267763
1097 268067
1098 268510
1099 268559
1100 268600
1101 268624
1102 268685
1103 268700
1104 269242
1105 269902
1106 270187
1107 270277
1108 271013
1109 271232
1110 271882
1111 272148
1112 272489
1113 272650
1114 273340
1115 273819
1116 273829
1117 274027
1118 274442
1119 274744
1120 274791
1121 274820
1122 274942
1123 275269
1124 275323
1125 275376
1126 275884
1127 276109
1128 276132
1129 276171
1130 276356
1131 276538
1132 276813
1133 277279
1134 277348
1135 277641
1136 277806
1137 278375
1138 278560
1139 278788
1140 278949
1141 279093
1142 279445
1143 279693
1144 280051
1145 280298
1146 280612
1147 280880
1148 281315
1149 281328
1150 281353
1151 281432
1152 281550
1153 282050
1154 282554
1155 282853
1156 283282
1157 283335
1158 283627
1159 283697
1160 284078
1161 284534
1162 284564
1163 285026
1164 285261
1165 285366
1166 285918
1167 286208
1168 286649
1169 286987
1170 287093
1171 287926
1172 288528
1173 288991
1174 289067
1175 289473
1176 289567
1177 289614
1178 289663
1179 289956
1180 290076
1181 290161
1182 290233
1183 290373
1184 290518
1185 290743
1186 290842
1187 291157
1188 291376
1189 291709
1190 292023
1191 292251
1192 292288
1193 292361
1194 292404
1195 292754
1196 292927
1197 294002
1198 294099
1199 294447
1200 294629
1201 294752
1202 294789
1203 295074
1204 295343
1205 296018
1206 296063
1207 296423
1208 296553
1209 296628
1210 297195
1211 297374
1212 297435
1213 297726
1214 297910
1215 298143
1216 298833
1217 298839
1218 299195
1219 299322
1220 299381
1221 299600
1222 299617
1223 299631
1224 299747
1225 300130
1226 300192
1227 300397
1228 300739
1229 300955
1230 301217
1231 301546
1232 301820
1233 301892
1234 301962
1235 301986
1236 302206
1237 302336
1238 302365
1239 302493
1240 302887
1241 303241
1242 303322
1243 304168
1244 304208
1245 304268
1246 304940
1247 305246
1248 305597
1249 305676
1250 307499
1251 308239
1252 308738
1253 308920
1254 308964
1255 309173
1256 309222
1257 309284
1258 309444
1259 310078
1260 310882
1261 311174
1262 311264
1263 311580
1264 311699
1265 312189
1266 312269
1267 312275
1268 312343
1269 312597
1270 312913
1271 313196
1272 313451
1273 313493
1274 313867
1275 313992
1276 314037
1277 314873
1278 315079
1279 315612
1280 315783
1281 316162
1282 316570
1283 317842
1284 317901
1285 318090
1286 318101
1287 318248
1288 318525
1289 318566
1290 318754
1291 319176
1292 319310
1293 319359
1294 319434
1295 319946
1296 320429
1297 320507
1298 320657
1299 320986
1300 321184
1301 321329
1302 321502
1303 321649
1304 321804
1305 321826
1306 322028
1307 322278
1308 322649
1309 322795
1310 322823
1311 323804
1312 323851
1313 323997
1314 324230
1315 324271
1316 324706
1317 324917
1318 325292
1319 325439
1320 325589
1321 325640
1322 325659
1323 325904
1324 326062
1325 326576
1326 326925
1327 327051
1328 327054
1329 327332
1330 327352
1331 327538
1332 327598
1333 327867
1334 328036
1335 328071
1336 328109
1337 328239
1338 328372
1339 328399
1340 328447
1341 328464
1342 328809
1343 329582
1344 329712
1345 329825
1346 329995
1347 330176
1348 330416
1349 330505
1350 331077
1351 331084
1352 331088
1353 331554
1354 331604
1355 331677
1356 331986
1357 332086
1358 332139
1359 332827
1360 332838
1361 332915
1362 333078
1363 333374
1364 333692
1365 333961
1366 334090
1367 334691
1368 334901
1369 334926
1370 334955
1371 335032
1372 335358
1373 335677
1374 336834
1375 336895
1376 337049
1377 337483
1378 337505
1379 337517
1380 337761
1381 338062
1382 338265
1383 338288
1384 338479
1385 338582
1386 338687
1387 338730
1388 338763
1389 338841
1390 339638
1391 339671
1392 339875
1393 339942
1394 339969
1395 340140
1396 340343
1397 340347
1398 341072
1399 341240
1400 341624
1401 341922
1402 342110
1403 342518
1404 342670
1405 342847
1406 343100
1407 343289
1408 343444
1409 343719
1410 343834
1411 344661
1412 344966
1413 344997
1414 345596
1415 345599
1416 345770
1417 345780
1418 346064
1419 346329
1420 346394
1421 346767
1422 346862
1423 346972
1424 347062
1425 347203
1426 347213
1427 347331
1428 347517
1429 347525
1430 347814
1431 348023
1432 348531
1433 348606
1434 348732
1435 349151
1436 349269
1437 349282
1438 349782
1439 349988
1440 349992
1441 350101
1442 350270
1443 350431
1444 350795
1445 350831
1446 350835
1447 351372
1448 351616
1449 351744
1450 352387
1451 353071
1452 353089
1453 353192
1454 353201
1455 353511
1456 353921
1457 354018
1458 354096
1459 354175
1460 354188
1461 354300
1462 354724
1463 354788
1464 354877
1465 354924
1466 354973
1467 355502
1468 355531
1469 355750
1470 355840
1471 355873
1472 356335
1473 356442
1474 356463
1475 357031
1476 357034
1477 357470
1478 357666
1479 357677
1480 358317
1481 358450
1482 358738
1483 358748
1484 359037
1485 359148
1486 359166
1487 359214
1488 359220
1489 359625
1490 360112
1491 360192
1492 360204
1493 361048
1494 361281
1495 361379
1496 361529
1497 361703
1498 361883
1499 362019
1500 362178
1501 362517
1502 362597
1503 362610
1504 362619
1505 362809
1506 362898
1507 362935
1508 363026
1509 363091
1510 363564
1511 363728
1512 363772
1513 363804
1514 364523
1515 364699
1516 364757
1517 364785
1518 364934
1519 365161
1520 365233
1521 365286
1522 365908
1523 366241
1524 366316
1525 366335
1526 366382
1527 367121
1528 367175
1529 367802
1530 367807
1531 367857
1532 368658
1533 368914
1534 369060
1535 369172
1536 369287
1537 369909
1538 370074
1539 370412
1540 370469
1541 371180
1542 371264
1543 371280
1544 371376
1545 371516
1546 371684
1547 371761
1548 371841
1549 371884
1550 372228
1551 372756
1552 373023
1553 373252
1554 373352
1555 373428
1556 373495
1557 373827
1558 373936
1559 374066
1560 374829
1561 375256
1562 375335
1563 375357
1564 375390
1565 376378
1566 376609
1567 376674
1568 377434
1569 377627
1570 377810
1571 377840
1572 378137
1573 378531
1574 378645
1575 378724
1576 379122
1577 379166
1578 379633
1579 379960
1580 380451
1581 380634
1582 381133
1583 381459
1584 381706
1585 381867
1586 382299
1587 382952
1588 382961
1589 383038
1590 383159
1591 383248
1592 384155
1593 384883
1594 385200
1595 385309
1596 385728
1597 386019
1598 386212
1599 386224
1600 386280
1601 386431
1602 386667
1603 386734
1604 387161
1605 387400
1606 387402
1607 387511
1608 387581
1609 387611
1610 387795
1611 388020
1612 388030
1613 388242
1614 388886
1615 389174
1616 389175
1617 389386
1618 389636
1619 389874
1620 390696
1621 391199
1622 391696
1623 392199
1624 392874
1625 393206
1626 393430
1627 394244
1628 395044
1629 395102
1630 395307
1631 395335
1632 395727
1633 396237
1634 396300
1635 396548
1636 396716
1637 396829
1638 397175
1639 397189
1640 399022
1641 399252
1642 399312
1643 399750
1644 400007
1645 400139
1646 400219
1647 400338
1648 400900
1649 401036
1650 402206
1651 402218
1652 402700
1653 402963
1654 403239
1655 403403
1656 403503
1657 403549
1658 404300
1659 404308
1660 404836
1661 405101
1662 405232
1663 405872
1664 406223
1665 406246
1666 406710
1667 407771
1668 408004
1669 408836
1670 408853
1671 408909
1672 409796
1673 409967
1674 410067
1675 410384
1676 410851
1677 411363
1678 411685
1679 411744
1680 411756
1681 411840
1682 411903
1683 412403
1684 412494
1685 412498
1686 412594
1687 413066
1688 413142
1689 413332
1690 413354
1691 414229
1692 414336
1693 414405
1694 414862
1695 415716
1696 415766
1697 416185
1698 416503
1699 416686
1700 416780
1701 416878
1702 417079
1703 417173
1704 417429
1705 417637
1706 417670
1707 417712
1708 417798
1709 418020
1710 418041
1711 418335
1712 418864
1713 419232
1714 419259
1715 419413
1716 419663
1717 420305
1718 420531
1719 420753
1720 420790
1721 421513
1722 422040
1723 422481
1724 422722
1725 422764
1726 422946
1727 423148
1728 423286
1729 423693
1730 424387
1731 424461
1732 424708
1733 425152
1734 425275
1735 425393
1736 425827
1737 426050
1738 426073
1739 426386
1740 427157
1741 427374
1742 427419
1743 427510
1744 427637
1745 427690
1746 427917
1747 428023
1748 428136
1749 428229
1750 428639
1751 429661
1752 429881
1753 430019
1754 430164
1755 430437
1756 431042
1757 431167
1758 431231
1759 431633
1760 431722
1761 431910
1762 432147
1763 432376
1764 432710
1765 433227
1766 433228
1767 433233
1768 433438
1769 433540
1770 434043
1771 434178
1772 434394
1773 434494
1774 434560
1775 435023
1776 435433
1777 436011
1778 436097
1779 436189
1780 436368
1781 436437
1782 437025
1783 437865
1784 437906
1785 438144
1786 438225
1787 438387
1788 438522
1789 438554
1790 438570
1791 438641
1792 438678
1793 438755
1794 438960
1795 438972
1796 440249
1797 440583
1798 440669
1799 440782
1800 440913
1801 441029
1802 441251
1803 441608
1804 441864
1805 442138
1806 442170
1807 442334
1808 443101
1809 443105
1810 443228
1811 443716
1812 444050
1813 444257
1814 444353
1815 444408
1816 444640
1817 444748
1818 444786
1819 444906
1820 444960
1821 445197
1822 445252
1823 445265
1824 445321
1825 445327
1826 445444
1827 445692
1828 445714
1829 445927
1830 446137
1831 446181
1832 446184
1833 446391
1834 446459
1835 446461
1836 446791
1837 446965
1838 447203
1839 447442
1840 447445
1841 447690
1842 447923
1843 447939
1844 448135
1845 448557
1846 448879
1847 449112
1848 449245
1849 449336
1850 449436
1851 449615
1852 449843
1853 450155
1854 450214
1855 450246
1856 450436
1857 450993
1858 451323
1859 451672
1860 451715
1861 451843
1862 451867
1863 452267
1864 452477
1865 452490
1866 452842
1867 452918
1868 453110
1869 453990
1870 454693
1871 456250
1872 456457
1873 456823
1874 457268
1875 457699
1876 457996
1877 458338
1878 460072
1879 460297
1880 460579
1881 461242
1882 461782
1883 461844
1884 462140
1885 462777
1886 463156
1887 463311
1888 463402
1889 463432
1890 463499
1891 463667
1892 463927
1893 464297
1894 464311
1895 464358
1896 465171
1897 465603
1898 465636
1899 465705
1900 465880
1901 466120
1902 466578
1903 467179
1904 467328
1905 467523
1906 468221
1907 468293
1908 468788
1909 468791
1910 468993
1911 469245
1912 469304
1913 469377
1914 469496
1915 469786
1916 469799
1917 470212
1918 470478
1919 470625
1920 470953
1921 470993
1922 471315
1923 471843
1924 472110
1925 472300
1926 472535
1927 473614
1928 473695
1929 474081
1930 474093
1931 474100
1932 474132
1933 474398
1934 474422
1935 475159
1936 475182
1937 475403
1938 475577
1939 475597
1940 475822
1941 475826
1942 476101
1943 476107
1944 476184
1945 476256
1946 476270
1947 476481
1948 476731
1949 477120
1950 477514
1951 478070
1952 478421
1953 478651
1954 479143
1955 479156
1956 479615
1957 480004
1958 480034
1959 480320
1960 480585
1961 480838
1962 480914
1963 481136
1964 481154
1965 481464
1966 481975
1967 482237
1968 482259
1969 482467
1970 482541
1971 482877
1972 482901
1973 483071
1974 483094
1975 483358
1976 483730
1977 483912
1978 484022
1979 484026
1980 484192
1981 485327
1982 486079
1983 486443
1984 486446
1985 487291
1986 487344
1987 487356
1988 487434
1989 487514
1990 488383
1991 488711
1992 488815
1993 488992
1994 489366
1995 489381
1996 489592
1997 489634
1998 489655
1999 489902
2000 490263
2001 490476
2002 490525
2003 490660
2004 490676
2005 490815
2006 490860
2007 491280
2008 491295
2009 491445
2010 491848
2011 491890
2012 492103
2013 492353
2014 492857
2015 492998
2016 493105
2017 493316
2018 493320
2019 493481
2020 493550
2021 493750
2022 494204
2023 494423
2024 494773
2025 495508
2026 496144
2027 496803
2028 497015
2029 497077
2030 497447
2031 497482
2032 497749
2033 497800
2034 498139
2035 498199
2036 498222
2037 498235
2038 498290
2039 498365
2040 498454
2041 498751
2042 498752
2043 499041
2044 499593
2045 499907
2046 500020
2047 500100
2048 500264
2049 500525
2050 500585
2051 501052
2052 501124
2053 501813
2054 502035
2055 502038
2056 502812
2057 502931
2058 503333
2059 503570
2060 503657
2061 503677
2062 504068
2063 504503
2064 505427
2065 505665
2066 506079
2067 506195
2068 506235
2069 506329
2070 506814
2071 506986
2072 507418
2073 507725
2074 507781
2075 507821
2076 507943
2077 508058
2078 508099
2079 508235
2080 508425
2081 508977
2082 509003
2083 509194
2084 509408
2085 509466
2086 509783
2087 510714
2088 511226
2089 511558
2090 511605
2091 512189
2092 512618
2093 512799
2094 513839
2095 513984
2096 514662
2097 515131
2098 515626
2099 515839
2100 515946
2101 516709
2102 516771
2103 516878
2104 516979
2105 517099
2106 517139
2107 517175
2108 517268
2109 517385
2110 517772
2111 517861
2112 517975
2113 518287
2114 519409
2115 519558
2116 519652
2117 521013
2118 521143
2119 521344
2120 521518
2121 521564
2122 521670
2123 522160
2124 522471
2125 522516
2126 522657
2127 522969
2128 523090
2129 523254
2130 523442
2131 523591
2132 523684
2133 523754
2134 523870
2135 524146
2136 524241
2137 524779
2138 525286
2139 525973
2140 526050
2141 526113
2142 526133
2143 526359
2144 526401
2145 526447
2146 526505
2147 526526
2148 526788
2149 526819
2150 527014
2151 528601
2152 528607
2153 528684
2154 528873
2155 529121
2156 529368
2157 529507
2158 529688
2159 529836
2160 530634
2161 530817
2162 530935
2163 531078
2164 531134
2165 531480
2166 531517
2167 531845
2168 532308
2169 533110
2170 533114
2171 534004
2172 534416
2173 534730
2174 534972
2175 534977
2176 535699
2177 535774
2178 536868
2179 536939
2180 536975
2181 536991
2182 537062
2183 537259
2184 537292
2185 537917
2186 538071
2187 538105
2188 538238
2189 538514
2190 538915
2191 539057
2192 539103
2193 539165
2194 539418
2195 539668
2196 540300
2197 540686
2198 541771
2199 541963
2200 542014
2201 542420
2202 542662
2203 543103
2204 543139
2205 543146
2206 543163
2207 543267
2208 543995
2209 543999
2210 544078
2211 544360
2212 544483
2213 544771
2214 544947
2215 545030
2216 545384
2217 545619
2218 545682
2219 545738
2220 545742
2221 545913
2222 546012
2223 546989
2224 547186
2225 547208
2226 547228
2227 547469
2228 547588
2229 548173
2230 548537
2231 548823
2232 548880
2233 549033
2234 549430
2235 549457
2236 549583
2237 549940
2238 550439
2239 550495
2240 550624
2241 550729
2242 550869
2243 551233
2244 551716
2245 551950
2246 552061
2247 552211
2248 553688
2249 554019
2250 554038
2251 554207
2252 554538
2253 554772
2254 556118
2255 556167
2256 556682
2257 556880
2258 557055
2259 557340
2260 557471
2261 558339
2262 558370
2263 558398
2264 558404
2265 558423
2266 558473
2267 558603
2268 558644
2269 558770
2270 558802
2271 559006
2272 559126
2273 559335
2274 559626
2275 559694
2276 559750
2277 559793
2278 560065
2279 560189
2280 560315
2281 560377
2282 561002
2283 561117
2284 561178
2285 561442
2286 561581
2287 561661
2288 561865
2289 561974
2290 562228
2291 562741
2292 562932
2293 563080
2294 563543
2295 564190
2296 564247
2297 564379
2298 564593
2299 564613
2300 564936
2301 565564
2302 565653
2303 565970
2304 566056
2305 566249
2306 567057
2307 567193
2308 567229
2309 567764
2310 567850
2311 568441
2312 568575
2313 568620
2314 568752
2315 568755
2316 568776
2317 568863
2318 569331
2319 569647
2320 569681
2321 569844
2322 570111
2323 570141
2324 570365
2325 570468
2326 570768
2327 570846
2328 570911
2329 571273
2330 571330
2331 571530
2332 571532
2333 571790
2334 571825
2335 572442
2336 572559
2337 572775
2338 572809
2339 573098
2340 573615
2341 573735
2342 574017
2343 574422
2344 575982
2345 576200
2346 576435
2347 576459
2348 576630
2349 576894
2350 576984
2351 577275
2352 577365
2353 577456
2354 577837
2355 578022
2356 578084
2357 578195
2358 578563
2359 578712
2360 578993
2361 579001
2362 579313
2363 579962
2364 580601
2365 580656
2366 580952
2367 581013
2368 581446
2369 581575
2370 581706
2371 581865
2372 581933
2373 581956
2374 581956
2375 582035
2376 582227
2377 582228
2378 582345
2379 582398
2380 582435
2381 582650
2382 582743
2383 582812
2384 582852
2385 583014
2386 583087
2387 583567
2388 584245
2389 584712
2390 585982
2391 586084
2392 586178
2393 586309
2394 586596
2395 586897
2396 586961
2397 587444
2398 587539
2399 587627
2400 587901
2401 587930
2402 587998
2403 588143
2404 588324
2405 588436
2406 588670
2407 589500
2408 589770
2409 589956
2410 590040
2411 590062
2412 590958
2413 590967
2414 591453
2415 591847
2416 591860
2417 592426
2418 592530
2419 593260
2420 593438
2421 593921
2422 594552
2423 594741
2424 595055
2425 595164
2426 595189
2427 595441
2428 595508
2429 595874
2430 596040
2431 596344
2432 597795
2433 597969
2434 597970
2435 597973
2436 598644
2437 598942
2438 598953
2439 598986
2440 599061
2441 599357
2442 599376
2443 599428
2444 599570
2445 599828
2446 599953
2447 600516
2448 600592
2449 600710
2450 600843
2451 600895
2452 600928
2453 600944
2454 601103
2455 602177
2456 602190
2457 602861
2458 602914
2459 603070
2460 603082
2461 603761
2462 603933
2463 603965
2464 604055
2465 604270
2466 605236
2467 605510
2468 606285
2469 606312
2470 606670
2471 606717
2472 607076
2473 607381
2474 607815
2475 607847
2476 607899
2477 608053
2478 608076
2479 608202
2480 609165
2481 609238
2482 609267
2483 609467
2484 609539
2485 610520
2486 610716
2487 610751
2488 611698
2489 611835
2490 612135
2491 612547
2492 612586
2493 612661
2494 613177
2495 613691
2496 614355
2497 614984
2498 615451
2499 615458
2500 616095
2501 616366
2502 616395
2503 616789
2504 616994
2505 617087
2506 617165
2507 617324
2508 618016
2509 618065
2510 618132
2511 618282
2512 618465
2513 618518
2514 618659
2515 619140
2516 619249
2517 620928
2518 620934
2519 620946
2520 621209
2521 621385
2522 621766
2523 621913
2524 621977
2525 622255
2526 622575
2527 622798
2528 622807
2529 623285
2530 623517
2531 623630
2532 623698
2533 623732
2534 624287
2535 624357
2536 624483
2537 625011
2538 625186
2539 625248
2540 625285
2541 625493
2542 625515
2543 626054
2544 626123
2545 626144
2546 626334
2547 627225
2548 627229
2549 627858
2550 627908
2551 628317
2552 628591
2553 628737
2554 628837
2555 628841
2556 629142
2557 629502
2558 629722
2559 629747
2560 629772
2561 630128
2562 630640
2563 631436
2564 631545
2565 631753
2566 631757
2567 631772
2568 632135
2569 632492
2570 632627
2571 632777
2572 632823
2573 632898
2574 632926
2575 633128
2576 633232
2577 633287
2578 633379
2579 633528
2580 634405
2581 635105
2582 635240
2583 635406
2584 635592
2585 635826
2586 635987
2587 637411
2588 637875
2589 638164
2590 638496
2591 638612
2592 638843
2593 639065
2594 639092
2595 639099
2596 639113
2597 639381
2598 639550
2599 639712
2600 639805
2601 639892
2602 640215
2603 640431
2604 640598
2605 640767
2606 642312
2607 642334
2608 642782
2609 643249
2610 643280
2611 643577
2612 643792
2613 643834
2614 643980
2615 644225
2616 644461
2617 644530
2618 644954
2619 645249
2620 645923
2621 646171
2622 647001
2623 647039
2624 647045
2625 647318
2626 647452
2627 647481
2628 648231
2629 648269
2630 649197
2631 649229
2632 649324
2633 649603
2634 649696
2635 649847
2636 650068
2637 650095
2638 650162
2639 650418
2640 650483
2641 651216
2642 652284
2643 652754
2644 653039
2645 653280
2646 653310
2647 653549
2648 654522
2649 654702
2650 655230
2651 655570
2652 655673
2653 656248
2654 657831
2655 657870
2656 658111
2657 658141
2658 658935
2659 659001
2660 659109
2661 659248
2662 659332
2663 659360
2664 659571
2665 659582
2666 659728
2667 660150
2668 660517
2669 660523
2670 660823
2671 660894
2672 661756
2673 662124
2674 662147
2675 662198
2676 662205
2677 662733
2678 662737
2679 663065
2680 663258
2681 663428
2682 663569
2683 663662
2684 663795
2685 664028
2686 664092
2687 664165
2688 664583
2689 664751
2690 665080
2691 665464
2692 665591
2693 665601
2694 665620
2695 665923
2696 666567
2697 666592
2698 666775
2699 666872
2700 666899
2701 667026
2702 667121
2703 667151
2704 668179
2705 668427
2706 668539
2707 668697
2708 669894
2709 670219
2710 670707
2711 670832
2712 671023
2713 671076
2714 671252
2715 671568
2716 671612
2717 671959
2718 671986
2719 672313
2720 673018
2721 673547
2722 673830
2723 674377
2724 674488
2725 674509
2726 674704
2727 674825
2728 675336
2729 675416
2730 675503
2731 675704
2732 676222
2733 677173
2734 677223
2735 677435
2736 677451
2737 677469
2738 677530
2739 677783
2740 677856
2741 677862
2742 677900
2743 678577
2744 678721
2745 678853
2746 678956
2747 679343
2748 679438
2749 679834
2750 679866
2751 682194
2752 682205
2753 682617
2754 682784
2755 683017
2756 683939
2757 684635
2758 684921
2759 685470
2760 685884
2761 685956
2762 686082
2763 686491
2764 686892
2765 686934
2766 687141
2767 687344
2768 687454
2769 687499
2770 687755
2771 687778
2772 687962
2773 688041
2774 688220
2775 688339
2776 688404
2777 688736
2778 689252
2779 689605
2780 689748
2781 689874
2782 690065
2783 690148
2784 690245
2785 690900
2786 691182
2787 691404
2788 691884
2789 691900
2790 692160
2791 692227
2792 692502
2793 692564
2794 692646
2795 692685
2796 692894
2797 693444
2798 694352
2799 694878
2800 694960
2801 695070
2802 695211
2803 695263
2804 695445
2805 695448
2806 695707
2807 695713
2808 696447
2809 696466
2810 696508
2811 696851
2812 696902
2813 697475
2814 697764
2815 698031
2816 698653
2817 698853
2818 699050
2819 699082
2820 699154
2821 700105
2822 700398
2823 700604
2824 701085
2825 701395
2826 701864
2827 701970
2828 702147
2829 702348
2830 702397
2831 702542
2832 702646
2833 703132
2834 703266
2835 703505
2836 703662
2837 703696
2838 703888
2839 703994
2840 704531
2841 704757
2842 704881
2843 704938
2844 705381
2845 705500
2846 705615
2847 705646
2848 706210
2849 706267
2850 706293
2851 706312
2852 707319
2853 707320
2854 707321
2855 707409
2856 707509
2857 707736
2858 707815
2859 708099
2860 708304
2861 708323
2862 708425
2863 708722
2864 708870
2865 709097
2866 709545
2867 709705
2868 710527
2869 710587
2870 711493
2871 711948
2872 713300
2873 713769
2874 713854
2875 713872
2876 714507
2877 714513
2878 714527
2879 715026
2880 715065
2881 715140
2882 715224
2883 715546
2884 715686
2885 715979
2886 716135
2887 716638
2888 716791
2889 717987
2890 718159
2891 718614
2892 718686
2893 719142
2894 719392
2895 719495
2896 719555
2897 719569
2898 719830
2899 720190
2900 720403
2901 720668
2902 720727
2903 720818
2904 721020
2905 721021
2906 721319
2907 721608
2908 722446
2909 722872
2910 723001
2911 723082
2912 723138
2913 723199
2914 723211
2915 723435
2916 723573
2917 723686
2918 723844
2919 724483
2920 724545
2921 724653
2922 724709
2923 724732
2924 724803
2925 724975
2926 725142
2927 725189
2928 725503
2929 727287
2930 727840
2931 728352
2932 728419
2933 728884
2934 728940
2935 729102
2936 729264
2937 729349
2938 730178
2939 730752
2940 731436
2941 731477
2942 731773
2943 731924
2944 731939
2945 732330
2946 732839
2947 733128
2948 733175
2949 733678
2950 734027
2951 734078
2952 734187
2953 734424
2954 734903
2955 735291
2956 735298
2957 735363
2958 735884
2959 735981
2960 736079
2961 736476
2962 736833
2963 737551
2964 737609
2965 737925
2966 738045
2967 738539
2968 738949
2969 739252
2970 739879
2971 740328
2972 740898
2973 740922
2974 741218
2975 741669
2976 741722
2977 741819
2978 741826
2979 741955
2980 742052
2981 742128
2982 742178
2983 742887
2984 743146
2985 743467
2986 743687
2987 743862
2988 744306
2989 744668
2990 744673
2991 744699
2992 744772
2993 744953
2994 745001
2995 745013
2996 745204
2997 745436
2998 745663
2999 746557
3000 746838
3001 746843
3002 746911
3003 746928
3004 747830
3005 748058
3006 748089
3007 749070
3008 749417
3009 749488
3010 749912
3011 750131
3012 750197
3013 750496
3014 750757
3015 750768
3016 751114
3017 751218
3018 751341
3019 751389
3020 751625
3021 751968
3022 752777
3023 753197
3024 753254
3025 753836
3026 754339
3027 754417
3028 756098
3029 756405
3030 756446
3031 756889
3032 757146
3033 757254
3034 757351
3035 757776
3036 757835
3037 758155
3038 758275
3039 758279
3040 758343
3041 758427
3042 758757
3043 758820
3044 759087
3045 759418
3046 759796
3047 759802
3048 759904
3049 760604
3050 760633
3051 760895
3052 761409
3053 761581
3054 761800
3055 762355
3056 762515
3057 762550
3058 764441
3059 764618
3060 764864
3061 765304
3062 765579
3063 765663
3064 765781
3065 766354
3066 766771
3067 767489
3068 767628
3069 768114
3070 768174
3071 768349
3072 768420
3073 768424
3074 768472
3075 768850
3076 768947
3077 769009
3078 769527
3079 770373
3080 770653
3081 771105
3082 771477
3083 772760
3084 772968
3085 773249
3086 773259
3087 773500
3088 773747
3089 773883
3090 774124
3091 774541
3092 775044
3093 775319
3094 775381
3095 775672
3096 775966
3097 776153
3098 776349
3099 776449
3100 776457
3101 776679
3102 776707
3103 777037
3104 777365
3105 777404
3106 777678
3107 777949
3108 778092
3109 778148
3110 778296
3111 778516
3112 778864
3113 778921
3114 778973
3115 779133
3116 779178
3117 779259
3118 779306
3119 779374
3120 779408
3121 779973
3122 780033
3123 780213
3124 780923
3125 780986
3126 781055
3127 781103
3128 781440
3129 781440
3130 781493
3131 782161
3132 782299
3133 782507
3134 783435
3135 783779
3136 783826
3137 784197
3138 784372
3139 785025
3140 785055
3141 785373
3142 785504
3143 785916
3144 786004
3145 786173
3146 786435
3147 786974
3148 787115
3149 787341
3150 787485
3151 789044
3152 789609
3153 789831
3154 789909
3155 790105
3156 790382
3157 791340
3158 791708
3159 791915
3160 792048
3161 792086
3162 792698
3163 792763
3164 793095
3165 793250
3166 794038
3167 794982
3168 795030
3169 795464
3170 795520
3171 795521
3172 795789
3173 796528
3174 796747
3175 797189
3176 797207
3177 797261
3178 797819
3179 798212
3180 798461
3181 798584
3182 798635
3183 799219
3184 799320
3185 799337
3186 799363
3187 800234
3188 800272
3189 800681
3190 800734
3191 801077
3192 801096
3193 801446
3194 801826
3195 801992
3196 802604
3197 803332
3198 803642
3199 803962
3200 804178
3201 804209
3202 804382
3203 804735
3204 804773
3205 805171
3206 805229
3207 805251
3208 805386
3209 805902
3210 805978
3211 806002
3212 806312
3213 806588
3214 807228
3215 807266
3216 807527
3217 808260
3218 808631
3219 808705
3220 808838
3221 808904
3222 809424
3223 809550
3224 810489
3225 810572
3226 810715
3227 810768
3228 810811
3229 810869
3230 811086
3231 811783
3232 811890
3233 812053
3234 812268
3235 812294
3236 812446
3237 812606
3238 812868
3239 813054
3240 813094
3241 813449
3242 813943
3243 814169
3244 814224
3245 814406
3246 814498
3247 814718
3248 815144
3249 815196
3250 815556
3251 816037
3252 816164
3253 816406
3254 816626
3255 816802
3256 817857
3257 817937
3258 817989
3259 817995
3260 818007
3261 818210
3262 818413
3263 819665
3264 819686
3265 820205
3266 820217
3267 820384
3268 820557
3269 820773
3270 821055
3271 821079
3272 821128
3273 821269
3274 821531
3275 821963
3276 822181
3277 822454
3278 822908
3279 823091
3280 823329
3281 824838
3282 825470
3283 825593
3284 825673
3285 825768
3286 826774
3287 827279
3288 827467
3289 827544
3290 827552
3291 827846
3292 828036
3293 828091
3294 828292
3295 828317
3296 829073
3297 829112
3298 829559
3299 829693
3300 829824
3301 830044
3302 830600
3303 830733
3304 830903
3305 831600
3306 831621
3307 831753
3308 832026
3309 832066
3310 832259
3311 832281
3312 832458
3313 832474
3314 832622
3315 832768
3316 832877
3317 832878
3318 832972
3319 833182
3320 833319
3321 833482
3322 833779
3323 834098
3324 834450
3325 834575
3326 834720
3327 834881
3328 835247
3329 835618
3330 835792
3331 835826
3332 836482
3333 837426
3334 837587
3335 837979
3336 838030
3337 838171
3338 838315
3339 838396
3340 838569
3341 838732
3342 838777
3343 838815
3344 838820
3345 838961
3346 839271
3347 839982
3348 840330
3349 840568
3350 840618
3351 840706
3352 840834
3353 841614
3354 841622
3355 841693
3356 842277
3357 842357
3358 842783
3359 842826
3360 843044
3361 843549
3362 843580
3363 843592
3364 843737
3365 844366
3366 844685
3367 845247
3368 845384
3369 845761
3370 846084
3371 846290
3372 846379
3373 846382
3374 846559
3375 846676
3376 847046
3377 847207
3378 847278
3379 847583
3380 847619
3381 847803
3382 847987
3383 848483
3384 848516
3385 848694
3386 848709
3387 848734
3388 848746
3389 848983
3390 849147
3391 849361
3392 849432
3393 849628
3394 849912
3395 850170
3396 850192
3397 850351
3398 850620
3399 850693
3400 850999
3401 851181
3402 851276
3403 851279
3404 852007
3405 852243
3406 852504
3407 852882
3408 852941
3409 853166
3410 853319
3411 853722
3412 854014
3413 854520
3414 854537
3415 854547
3416 854565
3417 854576
3418 854630
3419 855202
3420 855245
3421 855571
3422 855639
3423 856214
3424 856495
3425 856748
3426 856879
3427 856960
3428 857543
3429 857552
3430 857851
3431 858035
3432 858087
3433 858099
3434 858263
3435 860480
3436 861264
3437 861400
3438 861552
3439 861759
3440 862023
3441 862711
3442 862962
3443 863214
3444 863232
3445 863270
3446 863333
3447 863804
3448 864245
3449 864529
3450 864616
3451 864665
3452 864882
3453 864994
3454 865239
3455 865428
3456 865724
3457 866218
3458 866492
3459 866582
3460 867629
3461 867964
3462 868320
3463 868526
3464 868568
3465 868756
3466 868768
3467 869178
3468 869301
3469 869577
3470 869625
3471 869866
3472 869874
3473 870237
3474 870513
3475 870524
3476 870931
3477 871279
3478 871288
3479 871357
3480 872641
3481 872687
3482 872938
3483 872985
3484 873107
3485 873160
3486 873542
3487 873567
3488 873673
3489 873852
3490 874431
3491 874519
3492 874620
3493 874829
3494 874941
3495 875207
3496 875545
3497 875815
3498 875864
3499 876035
3500 876416
3501 876527
3502 876579
3503 877020
3504 877062
3505 877283
3506 877451
3507 877891
3508 877973
3509 877995
3510 878491
3511 878772
3512 878794
3513 878983
3514 879428
3515 879540
3516 879777
3517 879918
3518 880582
3519 880973
3520 881249
3521 881465
3522 881493
3523 881529
3524 881873
3525 881990
3526 882167
3527 882532
3528 882795
3529 882850
3530 883183
3531 883468
3532 883544
3533 883699
3534 884666
3535 884689
3536 884789
3537 885252
3538 885600
3539 885867
3540 885933
3541 886553
3542 886594
3543 886819
3544 887108
3545 887541
3546 887637
3547 887684
3548 888809
3549 888919
3550 888962
3551 888998
3552 889114
3553 889268
3554 889370
3555 889492
3556 889937
3557 890187
3558 890558
3559 891053
3560 891056
3561 891202
3562 891470
3563 892188
3564 892191
3565 892207
3566 892476
3567 892536
3568 892568
3569 892746
3570 892949
3571 893633
3572 893771
3573 893825
3574 894152
3575 894156
3576 894276
3577 894710
3578 894972
3579 894989
3580 895046
3581 895052
3582 895366
3583 895405
3584 895522
3585 895634
3586 896266
3587 896490
3588 896513
3589 896606
3590 896763
3591 896967
3592 897114
3593 897168
3594 897326
3595 898180
3596 898324
3597 898524
3598 899015
3599 899887
3600 899934
3601 901010
3602 901097
3603 901301
3604 901330
3605 901516
3606 901565
3607 901699
3608 901873
3609 901919
3610 902141
3611 902200
3612 902248
3613 902258
3614 902274
3615 902739
3616 903325
3617 903608
3618 903833
3619 903960
3620 904122
3621 904701
3622 904933
3623 905319
3624 905389
3625 906690
3626 906741
3627 906775
3628 906775
3629 906972
3630 908201
3631 908306
3632 908671
3633 908702
3634 908866
3635 908924
3636 909514
3637 910328
3638 910352
3639 911349
3640 912182
3641 912341
3642 912717
3643 912871
3644 913246
3645 913797
3646 913799
3647 914111
3648 914218
3649 914341
3650 915613
3651 916026
3652 916103
3653 916294
3654 916678
3655 917345
3656 917675
3657 917854
3658 917949
3659 918359
3660 918580
3661 918997
3662 919178
3663 919390
3664 919425
3665 919425
3666 919871
3667 919884
3668 920325
3669 920472
3670 920728
3671 921279
3672 922003
3673 922012
3674 922051
3675 922149
3676 922212
3677 922233
3678 922428
3679 922966
3680 922994
3681 923145
3682 923330
3683 923781
3684 924248
3685 924581
3686 924657
3687 924965
3688 924977
3689 925127
3690 925345
3691 925352
3692 925367
3693 925459
3694 925556
3695 925898
3696 926284
3697 926335
3698 927368
3699 927391
3700 927395
3701 927631
3702 927975
3703 929175
3704 929368
3705 929568
3706 929627
3707 929669
3708 929801
3709 929945
3710 930223
3711 930325
3712 930517
3713 930626
3714 930809
3715 930942
3716 931717
3717 931803
3718 932034
3719 932552
3720 933187
3721 933326
3722 933572
3723 934109
3724 934644
3725 935241
3726 935289
3727 935466
3728 935636
3729 935762
3730 936143
3731 936144
3732 936164
3733 936308
3734 936381
3735 936489
3736 936679
3737 936707
3738 936971
3739 937377
3740 937601
3741 938101
3742 938122
3743 938502
3744 938663
3745 938832
3746 938887
3747 939163
3748 939250
3749 939515
3750 939535
3751 939614
3752 940109
3753 940180
3754 941037
3755 941416
3756 941562
3757 941576
3758 941870
3759 941987
3760 942169
3761 942253
3762 942703
3763 942728
3764 943221
3765 943519
3766 943615
3767 943679
3768 943834
3769 944083
3770 944787
3771 944867
3772 945170
3773 945402
3774 945558
3775 945706
3776 945826
3777 945835
3778 946298
3779 946481
3780 947472
3781 947968
3782 948206
3783 948297
3784 948669
3785 949043
3786 949361
3787 949638
3788 949759
3789 950003
3790 950019
3791 950188
3792 950503
3793 950548
3794 950691
3795 950797
3796 951235
3797 951571
3798 951740
3799 951830
3800 952259
3801 952819
3802 953052
3803 953321
3804 953765
3805 953797
3806 953937
3807 954702
3808 954777
3809 954936
3810 955160
3811 955199
3812 955566
3813 955605
3814 955878
3815 956125
3816 956135
3817 956614
3818 956918
3819 957329
3820 957460
3821 957915
3822 958708
3823 958872
3824 959036
3825 959343
3826 959351
3827 960662
3828 960724
3829 960732
3830 960795
3831 960928
3832 960979
3833 961061
3834 961311
3835 961314
3836 961367
3837 961650
3838 962580
3839 962710
3840 962805
3841 962828
3842 962967
3843 963028
3844 963853
3845 964378
3846 964778
3847 964884
3848 965517
3849 965524
3850 965665
3851 965736
3852 965892
3853 966010
3854 966482
3855 967214
3856 967308
3857 967407
3858 967539
3859 967663
3860 967741
3861 967766
3862 968572
3863 968993
3864 969283
3865 969368
3866 969393
3867 969411
3868 969837
3869 970321
3870 970786
3871 971878
3872 972064
3873 972113
3874 972216
3875 972238
3876 972349
3877 972565
3878 972700
3879 972917
3880 973416
3881 973540
3882 973793
3883 973921
3884 974289
3885 974334
3886 974370
3887 974882
3888 974980
3889 975139
3890 975685
3891 975931
3892 976010
3893 976210
3894 976225
3895 976307
3896 976451
3897 976639
3898 976768
3899 976867
3900 976892
3901 976961
3902 976964
3903 977186
3904 977373
3905 977768
3906 977828
3907 977829
3908 978072
3909 978165
3910 978225
3911 978771
3912 979453
3913 979514
3914 980234
3915 980315
3916 980540
3917 980697
3918 980899
3919 981176
3920 981256
3921 981284
3922 981308
3923 981487
3924 981799
3925 981929
3926 982299
3927 982393
3928 982510
3929 982645
3930 982962
3931 983023
3932 983214
3933 983270
3934 983582
3935 983669
3936 983739
3937 984483
3938 984629
3939 984711
3940 985111
3941 985572
3942 985772
3943 985887
3944 986055
3945 986440
3946 986598
3947 986614
3948 986974
3949 987115
3950 987331
3951 987773
3952 987796
3953 988235
3954 988789
3955 988993
3956 989102
3957 989456
3958 990019
3959 990572
3960 990822
3961 991442
3962 991616
3963 991672
3964 991735
3965 991760
3966 991777
3967 992216
3968 993093
3969 993793
3970 993861
3971 993905
3972 994482
3973 995033
3974 995297
3975 995482
3976 995788
3977 996316
3978 996382
3979 996465
3980 996525
3981 996699
3982 996855
3983 996960
3984 997057
3985 997096
3986 997175
3987 997289
3988 997599
3989 997806
3990 998029
3991 998035
3992 998113
3993 998221
3994 998395
3995 998488
3996 998599
3997 998826
3998 999119
3999 999665
