# 4000 data points
# index number
0 236532
1 159565
2 531845
3 223792
4 881990
5 266719
6 978165
7 364699
8 653310
9 700398
10 195100
11 198220
12 901010
13 428229
14 762550
15 969368
16 835826
17 75501
18 602861
19 638164
20 782161
21 444786
22 119899
23 800734
24 78511
25 998395
26 544483
27 153322
28 635406
29 530817
30 986974
31 374829
32 294002
33 58800
34 206000
35 582398
36 394244
37 235736
38 369060
39 200286
40 912182
41 996316
42 540686
43 42896
44 291376
45 313992
46 424708
47 157307
48 631545
49 830733
50 99616
51 898180
52 244637
53 134148
54 414229
55 358738
56 108741
57 815556
58 101681
59 586178
60 386019
61 363564
62 973540
63 539668
64 692646
65 916678
66 175828
67 966010
68 65223
69 916294
70 31379
71 874519
72 736079
73 534730
74 517861
75 81981
76 664092
77 183981
78 700604
79 4361
80 851276
81 487514
82 169968
83 18801
84 469377
85 383038
86 643249
87 972238
88 714507
89 847987
90 753197
91 827552
92 668697
93 446137
94 734187
95 710587
96 670707
97 93653
98 261446
99 338841
100 258163
101 261968
102 329712
103 702348
104 440782
105 164798
106 460072
107 47739
108 280051
109 224505
110 85037
111 446184
112 692227
113 451867
114 23068
115 154521
116 344997
117 991442
118 58657
119 396237
120 97972
121 436368
122 789831
123 275884
124 835618
125 71241
126 791708
127 118155
128 778864
129 695070
130 425827
131 303241
132 537062
133 359166
134 156927
135 505665
136 701970
137 243821
138 331084
139 377840
140 694878
141 24921
142 34471
143 35735
144 689874
145 745204
146 856214
147 976892
148 661756
149 218002
150 290842
151 205439
152 185409
153 933326
154 757776
155 660523
156 362019
157 901565
158 112326
159 489902
160 811783
161 719392
162 353071
163 116328
164 776449
165 751625
166 475826
167 388242
168 69780
169 833319
170 19077
171 756405
172 529836
173 465603
174 427637
175 383248
176 221777
177 529507
178 521013
179 271232
180 449843
181 12714
182 884689
183 930517
184 526526
185 838961
186 153106
187 225351
188 658111
189 328447
190 872938
191 914111
192 509194
193 85327
194 827467
195 991777
196 353192
197 706312
198 474081
199 358317
200 877891
201 899015
202 56527
203 65208
204 949759
205 672313
206 264417
207 568863
208 30928
209 761409
210 240334
211 68496
212 649696
213 441029
214 698653
215 292023
216 838315
217 190278
218 792048
219 572559
220 838030
221 146959
222 716638
223 926284
224 526505
225 37866
226 413332
227 186764
228 920325
229 920728
230 832458
231 298839
232 47144
233 14723
234 265861
235 245033
236 348023
237 536991
238 103007
239 27907
240 268624
241 475182
242 876035
243 812294
244 614355
245 799363
246 667121
247 31967
248 693444
249 704531
250 357031
251 666592
252 945826
253 47393
254 996525
255 318248
256 174943
257 433227
258 935636
259 374066
260 262920
261 171620
262 606312
263 785373
264 283697
265 70138
266 830903
267 567193
268 738539
269 304940
270 735363
271 408836
272 556880
273 194637
274 247481
275 61073
276 943834
277 922012
278 426050
279 843044
280 853166
281 176473
282 618518
283 498235
284 138470
285 423148
286 507781
287 169926
288 431231
289 402700
290 261397
291 799320
292 735981
293 405101
294 220371
295 251654
296 171701
297 482541
298 294099
299 815196
300 354788
301 728419
302 600928
303 903833
304 570365
305 973921
306 833
307 225450
308 151545
309 179475
310 301892
311 895522
312 744772
313 629502
314 832622
315 908866
316 325904
317 995033
318 208049
319 603761
320 716791
321 895405
322 881873
323 723435
324 784372
325 768174
326 76799
327 2804
328 660517
329 412403
330 979514
331 876579
332 955878
333 286649
334 438641
335 552061
336 637875
337 567229
338 529121
339 840706
340 662733
341 668179
342 163795
343 461782
344 583567
345 720727
346 814498
347 74860
348 768114
349 751968
350 426073
351 761800
352 946481
353 599953
354 795521
355 650162
356 44777
357 81662
358 276538
359 576200
360 446459
361 482901
362 341624
363 244884
364 339638
365 972216
366 677223
367 15570
368 863333
369 227419
370 443105
371 874431
372 644954
373 91615
374 639092
375 138516
376 639381
377 899934
378 187520
379 152152
380 129239
381 708099
382 58634
383 505427
384 346862
385 745013
386 191747
387 838820
388 529688
389 254547
390 953937
391 950003
392 749070
393 503333
394 739879
395 931803
396 562741
397 143889
398 63753
399 327867
400 266327
401 633528
402 92907
403 569331
404 170580
405 832878
406 192059
407 166587
408 147609
409 822454
410 308239
411 580952
412 488711
413 976307
414 255757
415 337761
416 543999
417 278788
418 435433
419 602177
420 393430
421 139711
422 724653
423 99339
424 981929
425 696447
426 139054
427 289473
428 367857
429 945835
430 30514
431 115133
432 442170
433 447203
434 640431
435 321184
436 211341
437 718614
438 565970
439 348531
440 364785
441 515946
442 367121
443 550624
444 809424
445 658141
446 94204
447 48705
448 420790
449 927391
450 852243
451 889492
452 780213
453 331088
454 746843
455 400139
456 817989
457 929669
458 235373
459 242929
460 317842
461 793250
462 300130
463 790105
464 241496
465 998035
466 182563
467 91962
468 964884
469 974370
470 88421
471 63734
472 268685
473 801077
474 165068
475 124714
476 362935
477 50138
478 739252
479 582650
480 243828
481 632135
482 814718
483 654702
484 254215
485 402218
486 895634
487 380634
488 149445
489 450246
490 508425
491 432710
492 136950
493 424387
494 228978
495 218608
496 969393
497 597795
498 425152
499 858099
500 13385
501 871357
502 339942
503 881249
504 402963
505 466120
506 65715
507 526133
508 611698
509 666567
510 594741
511 628841
512 559793
513 865724
514 629142
515 509783
516 311699
517 86211
518 550869
519 320507
520 442138
521 624287
522 698853
523 767628
524 759087
525 19000
526 388886
527 358748
528 604055
529 983582
530 407771
531 593921
532 814169
533 564613
534 685884
535 270277
536 366316
537 695445
538 623517
539 82509
540 48327
541 578563
542 941416
543 434394
544 361379
545 327352
546 723199
547 163247
548 475159
549 897114
550 498139
551 197699
552 984483
553 179711
554 211827
555 887684
556 583087
557 883183
558 887108
559 372756
560 534972
561 389874
562 779259
563 290233
564 22378
565 622575
566 171598
567 908306
568 446181
569 251925
570 387611
571 331677
572 491890
573 569681
574 563543
575 339969
576 22744
577 516709
578 634405
579 143813
580 469496
581 692685
582 443101
583 482877
584 530935
585 453110
586 946298
587 37151
588 435023
589 200626
590 924581
591 711493
592 320657
593 749488
594 124050
595 508058
596 145666
597 748058
598 280880
599 86897
600 896967
601 913246
602 381459
603 787341
604 341240
605 607847
606 863804
607 538105
608 504503
609 686892
610 299322
611 309222
612 980234
613 678577
614 639065
615 281550
616 839982
617 140507
618 50034
619 847803
620 737551
621 350270
622 92467
623 671612
624 965892
625 523442
626 839271
627 967539
628 30920
629 190634
630 57711
631 715140
632 362809
633 662124
634 758275
635 864882
636 285366
637 133722
638 966482
639 554207
640 328239
641 676222
642 143556
643 640215
644 493750
645 353921
646 127875
647 323851
648 606670
649 52026
650 100436
651 532308
652 386280
653 290373
654 906972
655 925367
656 218514
657 659728
658 62639
659 671986
660 683017
661 350431
662 91274
663 420753
664 944867
665 130423
666 132235
667 467328
668 970786
669 665464
670 308920
671 950188
672 820557
673 118968
674 472535
675 819665
676 719555
677 898324
678 94061
679 301962
680 289663
681 370469
682 211137
683 987773
684 833182
685 508977
686 82449
687 523090
688 385728
689 180988
690 151120
691 67092
692 915613
693 73320
694 864245
695 248846
696 413142
697 797189
698 85462
699 731477
700 125970
701 219905
702 221263
703 750768
704 126665
705 534977
706 663065
707 96865
708 94594
709 500264
710 832281
711 55211
712 332827
713 913797
714 564379
715 309444
716 877020
717 40784
718 42779
719 868320
720 169957
721 901097
722 210384
723 735298
724 333961
725 137527
726 964378
727 458338
728 62834
729 440583
730 350795
731 434178
732 642782
733 50129
734 994482
735 92436
736 493481
737 798212
738 655673
739 936971
740 869577
741 126900
742 828036
743 102812
744 281353
745 901516
746 869178
747 214571
748 660823
749 50444
750 171036
751 165582
752 24214
753 770653
754 175033
755 125315
756 149760
757 431633
758 659360
759 916026
760 715224
761 343719
762 170346
763 558770
764 114975
765 199458
766 936679
767 595055
768 322278
769 484192
770 247729
771 955605
772 277348
773 235280
774 451672
775 24271
776 292404
777 724975
778 245258
779 876416
780 376378
781 482237
782 297435
783 840834
784 527014
785 351372
786 939614
787 816802
788 328036
789 323997
790 334955
791 588324
792 363091
793 754417
794 329825
795 521670
796 333692
797 371841
798 917675
799 956135
800 490860
801 596344
802 687344
803 638612
804 283282
805 924965
806 765663
807 187439
808 540300
809 221564
810 32782
811 668427
812 175764
813 276171
814 925556
815 434560
816 276813
817 919390
818 40414
819 820205
820 566056
821 723573
822 296423
823 630640
824 960662
825 98851
826 368658
827 559126
828 240024
829 618659
830 901873
831 267761
832 445265
833 171256
834 68058
835 346972
836 417712
837 32046
838 945170
839 324230
840 16231
841 952819
842 27852
843 318566
844 789909
845 650483
846 696851
847 467523
848 805978
849 697475
850 388030
851 411744
852 604270
853 332139
854 433228
855 574422
856 858087
857 449112
858 465880
859 774124
860 834575
861 341922
862 969411
863 556167
864 561002
865 262836
866 24304
867 106869
868 190386
869 664583
870 811890
871 453990
872 222499
873 986440
874 643792
875 973793
876 354188
877 950548
878 593438
879 779178
880 14290
881 716135
882 550729
883 3562
884 369287
885 587930
886 247016
887 111857
888 380451
889 744673
890 501813
891 343444
892 544078
893 113883
894 325589
895 43978
896 273819
897 805386
898 227655
899 684921
900 586961
901 679438
902 981176
903 654522
904 261295
905 682205
906 498222
907 674704
908 941037
909 564190
910 379166
911 838732
912 621977
913 803642
914 88583
915 549033
916 448879
917 800681
918 742887
919 978225
920 51318
921 267763
922 795520
923 384883
924 545030
925 813054
926 798584
927 635105
928 480004
929 855571
930 183849
931 448557
932 147524
933 600516
934 122448
935 180772
936 818007
937 981799
938 925898
939 740328
940 299617
941 403403
942 778973
943 528873
944 142278
945 204962
946 438387
947 983214
948 399022
949 978072
950 683939
951 431910
952 960795
953 872641
954 18047
955 984629
956 544360
957 576630
958 325439
959 122292
960 706210
961 713300
962 830600
963 511558
964 127143
965 478421
966 832877
967 431167
968 539057
969 702542
970 917345
971 563080
972 302493
973 452477
974 896513
975 902141
976 873542
977 329582
978 849361
979 198470
980 382961
981 843580
982 709097
983 832066
984 778148
985 468788
986 781440
987 884789
988 517139
989 69319
990 926335
991 617324
992 548823
993 421513
994 436189
995 664751
996 238453
997 191506
998 624357
999 261608
1000 304268
1001 335032
1002 983270
1003 313867
1004 599357
1005 882532
1006 370074
1007 409967
1008 410851
1009 128255
1010 869625
1011 55242
1012 642312
1013 545738
1014 814224
1015 813943
1016 908924
1017 257992
1018 403549
1019 331077
1020 901301
1021 568575
1022 667151
1023 703888
1024 882850
1025 144874
1026 298833
1027 591860
1028 476270
1029 688339
1030 523754
1031 147125
1032 893771
1033 844685
1034 444748
1035 57360
1036 977768
1037 232456
1038 766771
1039 104364
1040 177181
1041 598644
1042 883468
1043 927975
1044 300192
1045 558802
1046 696508
1047 561865
1048 296628
1049 225346
1050 348606
1051 580656
1052 749417
1053 366241
1054 110299
1055 813094
1056 340347
1057 927368
1058 746838
1059 870513
1060 524241
1061 671568
1062 786435
1063 691182
1064 549430
1065 977186
1066 649197
1067 777404
1068 930942
1069 156247
1070 715026
1071 312269
1072 474093
1073 919871
1074 199387
1075 286208
1076 996382
1077 274820
1078 462140
1079 679866
1080 368914
1081 384155
1082 843592
1083 570141
1084 337483
1085 986598
1086 753836
1087 321649
1088 558370
1089 328809
1090 939535
1091 258405
1092 243517
1093 223201
1094 223087
1095 982645
1096 930809
1097 567850
1098 612135
1099 812606
1100 932552
1101 236770
1102 275323
1103 282554
1104 551950
1105 715979
1106 188911
1107 810811
1108 854520
1109 787115
1110 197260
1111 159984
1112 628317
1113 274744
1114 170381
1115 243750
1116 730752
1117 720818
1118 958872
1119 872687
1120 696466
1121 440249
1122 968993
1123 764618
1124 743467
1125 871279
1126 639805
1127 300397
1128 965665
1129 354877
1130 584712
1131 202062
1132 918580
1133 365908
1134 49251
1135 305676
1136 199671
1137 948297
1138 976210
1139 545384
1140 281328
1141 365161
1142 902200
1143 948206
1144 387511
1145 217172
1146 133667
1147 41618
1148 806588
1149 977828
1150 865239
1151 419259
1152 723686
1153 778296
1154 762515
1155 6097
1156 534416
1157 597973
1158 891470
1159 665620
1160 94976
1161 796528
1162 47027
1163 441251
1164 476184
1165 191132
1166 526819
1167 806002
1168 354018
1169 936707
1170 178479
1171 582812
1172 97864
1173 120879
1174 288991
1175 608076
1176 149102
1177 817857
1178 204668
1179 48264
1180 234356
1181 951571
1182 795464
1183 490476
1184 975139
1185 558339
1186 285918
1187 349282
1188 262415
1189 289067
1190 48404
1191 741722
1192 412494
1193 392199
1194 627229
1195 148077
1196 239602
1197 128465
1198 172063
1199 906775
1200 228403
1201 9824
1202 197106
1203 786974
1204 502812
1205 366335
1206 942169
1207 581956
1208 129949
1209 230104
1210 840618
1211 301217
1212 912341
1213 104683
1214 647001
1215 180306
1216 478070
1217 846676
1218 547588
1219 336895
1220 526050
1221 124866
1222 176310
1223 581933
1224 198835
1225 7400
1226 446391
1227 139074
1228 993093
1229 441864
1230 746928
1231 967741
1232 461242
1233 284078
1234 559626
1235 49611
1236 367802
1237 162834
1238 342847
1239 549940
1240 430019
1241 668539
1242 480034
1243 759796
1244 361703
1245 968572
1246 772760
1247 359037
1248 547469
1249 91555
1250 903325
1251 899887
1252 275269
1253 412498
1254 229488
1255 724545
1256 350101
1257 702646
1258 389175
1259 415766
1260 980899
1261 888998
1262 373428
1263 595441
1264 783826
1265 71704
1266 812446
1267 582345
1268 364757
1269 561442
1270 256076
1271 386431
1272 345770
1273 677451
1274 713769
1275 434043
1276 577456
1277 759904
1278 849912
1279 607381
1280 151221
1281 533110
1282 161960
1283 854537
1284 292251
1285 359625
1286 557340
1287 135815
1288 201025
1289 566249
1290 800272
1291 561178
1292 924248
1293 433438
1294 834098
1295 626144
1296 707736
1297 417637
1298 464358
1299 743862
1300 425275
1301 34888
1302 981487
1303 214368
1304 328071
1305 653039
1306 131845
1307 173822
1308 836482
1309 313493
1310 236974
1311 373252
1312 544771
1313 992216
1314 991760
1315 184709
1316 254306
1317 289567
1318 524146
1319 500525
1320 242658
1321 51019
1322 106623
1323 46512
1324 245377
1325 523254
1326 610716
1327 581446
1328 731773
1329 265316
1330 480838
1331 902248
1332 32043
1333 600895
1334 967214
1335 57114
1336 84646
1337 119565
1338 346064
1339 618065
1340 962580
1341 831600
1342 319176
1343 851181
1344 675336
1345 538238
1346 127611
1347 609267
1348 878794
1349 797819
1350 742128
1351 360192
1352 234580
1353 314873
1354 865428
1355 947968
1356 998599
1357 436011
1358 161314
1359 96527
1360 568441
1361 751389
1362 829112
1363 832474
1364 842277
1365 136906
1366 287093
1367 587998
1368 327054
1369 259413
1370 688404
1371 804178
1372 548537
1373 949638
1374 342110
1375 84408
1376 855639
1377 535699
1378 878983
1379 934644
1380 650095
1381 349988
1382 417798
1383 598942
1384 211644
1385 65344
1386 737925
1387 573735
1388 8393
1389 190186
1390 935466
1391 821055
1392 889937
1393 129332
1394 574017
1395 149051
1396 143201
1397 386212
1398 481154
1399 477514
1400 662198
1401 197059
1402 85194
1403 937601
1404 635240
1405 618282
1406 233661
1407 789609
1408 207178
1409 569844
1410 438678
1411 692564
1412 628591
1413 821128
1414 311580
1415 777037
1416 885252
1417 408004
1418 888962
1419 501124
1420 714527
1421 522969
1422 627858
1423 292754
1424 93695
1425 821963
1426 24637
1427 273829
1428 639550
1429 155501
1430 259378
1431 838171
1432 128369
1433 536939
1434 607076
1435 821531
1436 347814
1437 301986
1438 914218
1439 404300
1440 373023
1441 751114
1442 492353
1443 562932
1444 841693
1445 476481
1446 810715
1447 812053
1448 939163
1449 198787
1450 312343
1451 523870
1452 224210
1453 434494
1454 170140
1455 283627
1456 587444
1457 102878
1458 431722
1459 438960
1460 73110
1461 203799
1462 568752
1463 267011
1464 875815
1465 655230
1466 194734
1467 446791
1468 988789
1469 993905
1470 595164
1471 856879
1472 149
1473 898524
1474 628837
1475 81864
1476 756889
1477 893633
1478 615451
1479 507725
1480 719830
1481 400219
1482 581956
1483 9581
1484 71282
1485 798461
1486 961061
1487 118833
1488 93805
1489 906775
1490 735884
1491 225015
1492 174284
1493 322823
1494 523591
1495 985772
1496 491848
1497 245533
1498 60425
1499 241862
1500 88307
1501 547228
1502 565653
1503 559335
1504 491295
1505 101956
1506 51210
1507 134888
1508 336834
1509 326062
1510 538514
1511 430437
1512 821269
1513 941562
1514 528684
1515 167346
1516 182432
1517 539165
1518 834881
1519 468221
1520 474422
1521 268700
1522 866582
1523 134252
1524 445692
1525 108743
1526 699154
1527 578712
1528 470478
1529 618465
1530 265272
1531 483071
1532 911349
1533 822908
1534 967663
1535 122613
1536 526359
1537 163345
1538 88686
1539 735291
1540 176462
1541 8106
1542 917854
1543 633379
1544 64460
1545 582852
1546 343100
1547 725503
1548 550439
1549 874941
1550 268067
1551 110521
1552 573615
1553 892191
1554 91881
1555 699050
1556 277806
1557 925345
1558 288528
1559 828091
1560 326576
1561 255157
1562 972349
1563 364934
1564 922003
1565 153808
1566 59333
1567 294629
1568 853319
1569 416780
1570 9256
1571 587627
1572 222132
1573 901330
1574 142678
1575 728352
1576 371280
1577 282853
1578 603933
1579 519558
1580 114458
1581 128006
1582 324271
1583 170192
1584 581575
1585 346329
1586 918997
1587 625493
1588 896606
1589 558603
1590 622807
1591 147303
1592 854576
1593 114658
1594 875545
1595 230654
1596 704757
1597 625248
1598 466578
1599 620946
1600 848694
1601 427510
1602 633128
1603 936381
1604 572809
1605 382299
1606 792763
1607 805229
1608 32966
1609 570911
1610 732330
1611 490263
1612 347331
1613 600710
1614 837587
1615 326925
1616 417079
1617 391696
1618 45621
1619 472110
1620 643280
1621 62656
1622 554538
1623 111672
1624 31703
1625 195243
1626 304208
1627 462777
1628 842826
1629 671959
1630 922994
1631 328109
1632 347525
1633 69856
1634 246939
1635 199788
1636 863270
1637 371761
1638 891053
1639 699082
1640 873107
1641 422722
1642 371884
1643 591847
1644 49924
1645 18191
1646 334090
1647 497800
1648 629747
1649 935241
1650 862023
1651 363772
1652 85945
1653 297195
1654 204464
1655 586897
1656 65731
1657 849628
1658 503570
1659 534004
1660 253511
1661 491445
1662 998029
1663 929627
1664 242893
1665 484026
1666 318754
1667 888809
1668 729349
1669 405232
1670 769527
1671 104955
1672 805171
1673 139994
1674 194456
1675 110413
1676 852504
1677 37447
1678 191657
1679 492103
1680 321826
1681 114051
1682 3941
1683 240751
1684 463402
1685 656248
1686 571532
1687 955160
1688 87275
1689 354096
1690 590958
1691 718159
1692 480585
1693 773747
1694 313451
1695 54620
1696 354973
1697 411840
1698 513839
1699 311264
1700 855202
1701 144992
1702 48363
1703 40295
1704 284564
1705 734027
1706 631772
1707 892476
1708 923145
1709 322795
1710 538071
1711 138802
1712 589500
1713 8027
1714 456250
1715 142924
1716 960928
1717 488383
1718 506195
1719 938887
1720 986614
1721 231524
1722 687778
1723 961314
1724 443716
1725 247618
1726 748089
1727 999119
1728 69610
1729 411363
1730 511226
1731 561117
1732 102615
1733 833482
1734 228372
1735 155045
1736 155214
1737 313196
1738 32800
1739 983669
1740 383159
1741 687755
1742 387400
1743 386667
1744 983739
1745 481464
1746 707409
1747 29143
1748 318090
1749 708304
1750 546989
1751 522160
1752 895046
1753 828317
1754 727287
1755 413066
1756 144915
1757 543103
1758 130856
1759 500020
1760 246431
1761 450436
1762 121046
1763 292927
1764 222339
1765 188112
1766 396716
1767 389386
1768 390696
1769 974334
1770 746911
1771 177604
1772 929568
1773 803332
1774 514662
1775 877062
1776 490676
1777 653549
1778 454693
1779 631757
1780 268600
1781 99867
1782 120392
1783 469799
1784 810768
1785 645249
1786 438144
1787 117979
1788 832026
1789 870524
1790 922051
1791 231701
1792 896490
1793 379122
1794 202658
1795 781440
1796 647452
1797 237473
1798 545913
1799 479143
1800 229876
1801 698031
1802 632823
1803 974882
1804 164596
1805 972700
1806 568776
1807 489381
1808 531517
1809 497749
1810 360204
1811 846290
1812 312189
1813 810489
1814 603965
1815 944083
1816 869301
1817 922212
1818 3744
1819 367175
1820 119228
1821 15871
1822 382952
1823 525286
1824 129439
1825 781055
1826 883544
1827 766354
1828 868756
1829 598953
1830 6111
1831 808838
1832 207098
1833 747830
1834 493320
1835 452267
1836 132208
1837 472300
1838 923781
1839 359148
1840 481975
1841 70115
1842 357666
1843 156278
1844 318525
1845 536975
1846 752777
1847 719142
1848 758427
1849 976867
1850 897326
1851 210079
1852 564593
1853 152599
1854 733678
1855 810572
1856 870237
1857 703696
1858 579001
1859 582228
1860 892207
1861 697764
1862 490660
1863 112405
1864 576894
1865 73340
1866 935762
1867 542014
1868 561661
1869 959343
1870 768349
1871 868768
1872 211249
1873 866492
1874 9998
1875 593260
1876 463156
1877 902739
1878 989102
1879 492998
1880 777678
1881 797207
1882 392874
1883 626334
1884 204653
1885 969837
1886 799337
1887 280612
1888 845384
1889 767489
1890 312597
1891 73555
1892 278375
1893 427374
1894 254946
1895 521564
1896 633232
1897 217241
1898 158362
1899 221352
1900 318101
1901 445714
1902 933572
1903 110936
1904 140520
1905 808631
1906 417670
1907 731924
1908 995482
1909 526447
1910 55412
1911 797261
1912 42337
1913 388020
1914 251790
1915 857851
1916 546012
1917 616994
1918 644461
1919 278949
1920 338687
1921 153936
1922 837426
1923 794982
1924 263931
1925 751341
1926 868526
1927 461844
1928 423286
1929 226209
1930 162261
1931 112121
1932 560189
1933 338288
1934 959036
1935 324706
1936 320986
1937 359214
1938 177841
1939 220411
1940 338763
1941 282050
1942 530634
1943 4487
1944 331986
1945 371264
1946 85351
1947 401036
1948 513984
1949 964778
1950 695713
1951 909514
1952 216564
1953 972565
1954 58128
1955 996699
1956 465171
1957 746557
1958 100526
1959 896266
1960 355750
1961 65740
1962 889370
1963 990572
1964 104747
1965 45649
1966 897168
1967 804209
1968 31428
1969 265776
1970 894276
1971 345780
1972 22157
1973 250231
1974 709705
1975 933187
1976 83575
1977 340343
1978 892949
1979 159163
1980 858263
1981 682617
1982 852882
1983 369172
1984 722872
1985 506814
1986 253704
1987 894972
1988 663569
1989 587901
1990 418335
1991 416686
1992 203670
1993 38882
1994 786004
1995 707319
1996 498454
1997 651216
1998 355873
1999 780033
2000 395307
2001 433540
2002 738045
2003 134617
2004 944787
2005 861264
2006 346394
2007 550495
2008 29027
2009 468293
2010 276109
2011 254899
2012 515626
2013 632492
2014 88154
2015 502931
2016 543267
2017 838815
2018 601103
2019 727840
2020 173360
2021 974289
2022 599570
2023 682784
2024 1816
2025 708870
2026 292288
2027 17447
2028 296553
2029 152776
2030 279445
2031 773259
2032 517385
2033 427157
2034 559006
2035 488815
2036 471843
2037 729264
2038 759418
2039 272489
2040 977373
2041 869874
2042 828292
2043 2998
2044 429661
2045 79170
2046 33669
2047 81802
2048 639099
2049 353089
2050 499593
2051 95966
2052 291157
2053 496144
2054 957329
2055 708722
2056 338582
2057 825673
2058 757351
2059 820773
2060 48609
2061 768424
2062 967766
2063 922149
2064 639892
2065 101353
2066 48063
2067 856495
2068 862711
2069 677862
2070 801826
2071 362178
2072 241416
2073 217566
2074 200475
2075 543139
2076 327538
2077 216845
2078 57356
2079 303322
2080 350835
2081 619140
2082 195914
2083 88644
2084 327598
2085 444257
2086 678721
2087 497447
2088 542420
2089 756446
2090 280298
2091 312275
2092 491280
2093 808904
2094 833779
2095 781493
2096 818210
2097 860480
2098 450214
2099 938101
2100 531134
2101 457268
2102 193676
2103 925127
2104 208932
2105 111473
2106 342518
2107 632926
2108 953797
2109 512189
2110 327051
2111 14725
2112 271013
2113 152967
2114 210215
2115 694960
2116 721020
2117 560065
2118 776679
2119 522657
2120 262800
2121 919884
2122 976964
2123 542662
2124 448135
2125 616366
2126 399252
2127 94615
2128 616095
2129 46970
2130 328372
2131 927631
2132 637411
2133 652754
2134 717987
2135 2760
2136 558398
2137 703132
2138 420305
2139 101046
2140 261180
2141 363804
2142 362898
2143 158774
2144 386734
2145 557471
2146 62763
2147 115
2148 733175
2149 227332
2150 155053
2151 558423
2152 945706
2153 724483
2154 172452
2155 889114
2156 936489
2157 69518
2158 28809
2159 38028
2160 320429
2161 958708
2162 877973
2163 789044
2164 512618
2165 284534
2166 779973
2167 263301
2168 619249
2169 73232
2170 908671
2171 460579
2172 58485
2173 578084
2174 578022
2175 942253
2176 991672
2177 541771
2178 801446
2179 666899
2180 226964
2181 605236
2182 286987
2183 356463
2184 703662
2185 510714
2186 19445
2187 936164
2188 981284
2189 155192
2190 902258
2191 438755
2192 175506
2193 995297
2194 292361
2195 67807
2196 414862
2197 599061
2198 829559
2199 790382
2200 376674
2201 863232
2202 360112
2203 182465
2204 615458
2205 161480
2206 307499
2207 227102
2208 867629
2209 319434
2210 830044
2211 202323
2212 26211
2213 202862
2214 6575
2215 671076
2216 80287
2217 997096
2218 42310
2219 266754
2220 635987
2221 106315
2222 725189
2223 464297
2224 136843
2225 433233
2226 678956
2227 737609
2228 117574
2229 551716
2230 147181
2231 469304
2232 620934
2233 660894
2234 349269
2235 129131
2236 724709
2237 929175
2238 825593
2239 644225
2240 235614
2241 885600
2242 537292
2243 509408
2244 357470
2245 395102
2246 913799
2247 131730
2248 209387
2249 730178
2250 106970
2251 663428
2252 710527
2253 606285
2254 677856
2255 285261
2256 644530
2257 329995
2258 26208
2259 582227
2260 829824
2261 480914
2262 492857
2263 470953
2264 741218
2265 639712
2266 93203
2267 648269
2268 720668
2269 430164
2270 851279
2271 929945
2272 976451
2273 673018
2274 226722
2275 224129
2276 873852
2277 379960
2278 892746
2279 463311
2280 868568
2281 38426
2282 316570
2283 219697
2284 706267
2285 559750
2286 102347
2287 210647
2288 916103
2289 57030
2290 721319
2291 612547
2292 948669
2293 473614
2294 118557
2295 333374
2296 664028
2297 952259
2298 247440
2299 826774
2300 955566
2301 688736
2302 42052
2303 985111
2304 620928
2305 86993
2306 847278
2307 337517
2308 760895
2309 77265
2310 243112
2311 554019
2312 927395
2313 990019
2314 332915
2315 861552
2316 457996
2317 929801
2318 428023
2319 795789
2320 258954
2321 961650
2322 118765
2323 18746
2324 143540
2325 922233
2326 643834
2327 141002
2328 436097
2329 377434
2330 377810
2331 404836
2332 232445
2333 262369
2334 976010
2335 156875
2336 609467
2337 419232
2338 24724
2339 602914
2340 424461
2341 468791
2342 924977
2343 870931
2344 690065
2345 854547
2346 623698
2347 779133
2348 982962
2349 141567
2350 835247
2351 422946
2352 902274
2353 657831
2354 659582
2355 157622
2356 272650
2357 772968
2358 294752
2359 301546
2360 951830
2361 721608
2362 608053
2363 850192
2364 695211
2365 116028
2366 122223
2367 243110
2368 321329
2369 640598
2370 893825
2371 228387
2372 260661
2373 879777
2374 416878
2375 723211
2376 632627
2377 568620
2378 135498
2379 268559
2380 36932
2381 552211
2382 157396
2383 854565
2384 848516
2385 445927
2386 41444
2387 75092
2388 631436
2389 965524
2390 6089
2391 420531
2392 325292
2393 473695
2394 943221
2395 92528
2396 675704
2397 812868
2398 299381
2399 719495
2400 373352
2401 572775
2402 231314
2403 354300
2404 7819
2405 701864
2406 687141
2407 872985
2408 34724
2409 705381
2410 892568
2411 483912
2412 877283
2413 487344
2414 521143
2415 259180
2416 244408
2417 361281
2418 939515
2419 63835
2420 33041
2421 564247
2422 886819
2423 773500
2424 406710
2425 214110
2426 768850
2427 418041
2428 997806
2429 521344
2430 122723
2431 689252
2432 688220
2433 938832
2434 389636
2435 816037
2436 180456
2437 57426
2438 778516
2439 993861
2440 5868
2441 447923
2442 21402
2443 599376
2444 733128
2445 343834
2446 225033
2447 209985
2448 771477
2449 351744
2450 778092
2451 756098
2452 220810
2453 80665
2454 548880
2455 875864
2456 943519
2457 277641
2458 25917
2459 24162
2460 238586
2461 338730
2462 939250
2463 55540
2464 832259
2465 792698
2466 531480
2467 691884
2468 85318
2469 905319
2470 506079
2471 477120
2472 406246
2473 66616
2474 701085
2475 881529
2476 482467
2477 259029
2478 356335
2479 156054
2480 556118
2481 84106
2482 53017
2483 251654
2484 112838
2485 487434
2486 799219
2487 650418
2488 885933
2489 170236
2490 561581
2491 734424
2492 446461
2493 431042
2494 751218
2495 416503
2496 122770
2497 827544
2498 665080
2499 136070
2500 919425
2501 88026
2502 768420
2503 85548
2504 162062
2505 400338
2506 539418
2507 171805
2508 36376
2509 846382
2510 646171
2511 866218
2512 99190
2513 879428
2514 704881
2515 780923
2516 378531
2517 423693
2518 195123
2519 692502
2520 337049
2521 239677
2522 155702
2523 373495
2524 816406
2525 489366
2526 627908
2527 182980
2528 4888
2529 63068
2530 980315
2531 996960
2532 450155
2533 820217
2534 972113
2535 954936
2536 475403
2537 841614
2538 874829
2539 279093
2540 930223
2541 497482
2542 62933
2543 345599
2544 725142
2545 277279
2546 43003
2547 403239
2548 847207
2549 91819
2550 962828
2551 132831
2552 647481
2553 100178
2554 723138
2555 302365
2556 822181
2557 2591
2558 105684
2559 418864
2560 197978
2561 411685
2562 985572
2563 720403
2564 777365
2565 118708
2566 69463
2567 443228
2568 428639
2569 325659
2570 504068
2571 782507
2572 621913
2573 750496
2574 643980
2575 724803
2576 50672
2577 728884
2578 720190
2579 240283
2580 248730
2581 345596
2582 779408
2583 597970
2584 154528
2585 310882
2586 191835
2587 613691
2588 305597
2589 846559
2590 76329
2591 904122
2592 111557
2593 623630
2594 945402
2595 38245
2596 677530
2597 673830
2598 709545
2599 327332
2600 483358
2601 823329
2602 335677
2603 744306
2604 997175
2605 225011
2606 65610
2607 621766
2608 972917
2609 919178
2610 258284
2611 744668
2612 786173
2613 469786
2614 917949
2615 768472
2616 65869
2617 808260
2618 556682
2619 487291
2620 22812
2621 689605
2622 663662
2623 920472
2624 30749
2625 110963
2626 118956
2627 941987
2628 29926
2629 662205
2630 2508
2631 847583
2632 373827
2633 837979
2634 469245
2635 832972
2636 581865
2637 623285
2638 451323
2639 476256
2640 677173
2641 217759
2642 624483
2643 503677
2644 40504
2645 151103
2646 256003
2647 34672
2648 987796
2649 592426
2650 609165
2651 205806
2652 147654
2653 714513
2654 588436
2655 259710
2656 571273
2657 150477
2658 299195
2659 441608
2660 824838
2661 926
2662 397175
2663 99863
2664 894989
2665 406223
2666 200443
2667 356442
2668 961311
2669 297910
2670 918359
2671 357034
2672 164149
2673 758757
2674 358450
2675 78164
2676 707321
2677 140603
2678 647318
2679 750131
2680 597969
2681 167351
2682 842783
2683 330505
2684 231985
2685 156881
2686 521518
2687 954702
2688 903960
2689 965517
2690 152890
2691 609539
2692 253800
2693 543146
2694 171915
2695 275376
2696 84983
2697 102604
2698 451843
2699 705500
2700 906690
2701 885867
2702 362517
2703 741669
2704 796747
2705 649603
2706 750197
2707 376609
2708 665601
2709 107469
2710 156861
2711 582743
2712 962710
2713 234983
2714 34264
2715 537259
2716 123081
2717 159883
2718 925352
2719 233026
2720 248802
2721 186707
2722 861400
2723 409796
2724 381867
2725 715065
2726 38801
2727 248086
2728 302206
2729 548173
2730 129510
2731 707320
2732 708425
2733 509003
2734 981256
2735 769009
2736 366382
2737 808705
2738 568755
2739 64323
2740 878491
2741 184210
2742 659109
2743 463499
2744 998826
2745 143281
2746 547
2747 612661
2748 338062
2749 445444
2750 883699
2751 193270
2752 138534
2753 191574
2754 562228
2755 812268
2756 901919
2757 94340
2758 361048
2759 9800
2760 696902
2761 922966
2762 905389
2763 389174
2764 216629
2765 40905
2766 35083
2767 464311
2768 178823
2769 932034
2770 841622
2771 507821
2772 626123
2773 703266
2774 299631
2775 632898
2776 579962
2777 588143
2778 31556
2779 110310
2780 395335
2781 301820
2782 419663
2783 703994
2784 951740
2785 823091
2786 91363
2787 692160
2788 470993
2789 429881
2790 483730
2791 452918
2792 577275
2793 982393
2794 925459
2795 652284
2796 88564
2797 940180
2798 347213
2799 437025
2800 659571
2801 88612
2802 184996
2803 754339
2804 570468
2805 625011
2806 319946
2807 285026
2808 787485
2809 69254
2810 498751
2811 167246
2812 603082
2813 387581
2814 801992
2815 25334
2816 215505
2817 987115
2818 526401
2819 14598
2820 128651
2821 603070
2822 677783
2823 831
2824 170146
2825 77536
2826 943679
2827 355840
2828 743146
2829 150149
2830 41514
2831 551233
2832 978771
2833 444906
2834 184784
2835 46515
2836 152216
2837 157175
2838 745663
2839 309284
2840 805902
2841 599828
2842 139457
2843 980540
2844 804773
2845 852007
2846 339671
2847 653280
2848 177580
2849 628737
2850 30448
2851 804382
2852 297374
2853 30375
2854 197286
2855 585982
2856 276132
2857 679343
2858 381706
2859 311174
2860 522471
2861 564936
2862 18738
2863 68747
2864 195649
2865 618132
2866 328399
2867 372228
2868 819686
2869 65659
2870 437906
2871 629772
2872 962805
2873 170264
2874 516979
2875 444050
2876 581706
2877 271882
2878 164782
2879 886594
2880 148095
2881 587539
2882 496803
2883 400900
2884 864994
2885 7378
2886 950019
2887 475577
2888 319359
2889 906741
2890 814406
2891 686082
2892 560377
2893 561974
2894 671023
2895 764864
2896 422481
2897 158465
2898 987331
2899 549583
2900 589770
2901 176769
2902 8015
2903 642334
2904 413354
2905 465705
2906 156499
2907 445321
2908 412594
2909 904701
2910 503657
2911 616395
2912 110787
2913 831753
2914 494423
2915 498199
2916 849147
2917 494204
2918 281315
2919 444960
2920 291709
2921 558644
2922 381133
2923 319310
2924 858035
2925 100910
2926 334691
2927 516771
2928 508099
2929 660150
2930 950503
2931 347062
2932 440913
2933 570846
2934 95532
2935 249255
2936 969283
2937 337505
2938 856748
2939 322649
2940 290161
2941 758279
2942 936308
2943 838396
2944 103778
2945 571330
2946 14170
2947 470212
2948 143770
2949 842357
2950 371180
2951 798635
2952 91592
2953 149876
2954 622798
2955 445197
2956 66573
2957 888919
2958 981308
2959 864616
2960 740922
2961 1524
2962 8410
2963 138830
2964 38111
2965 967308
2966 509466
2967 991616
2968 572442
2969 528601
2970 677469
2971 982299
2972 294789
2973 976768
2974 144135
2975 387795
2976 869866
2977 749912
2978 515839
2979 481136
2980 847619
2981 962967
2982 744699
2983 738949
2984 757254
2985 450993
2986 244718
2987 328464
2988 476731
2989 112425
2990 647045
2991 45227
2992 71524
2993 213942
2994 88036
2995 595189
2996 289956
2997 801096
2998 732839
2999 779306
3000 912871
3001 152790
3002 102648
3003 175877
3004 625186
3005 43083
3006 645923
3007 396829
3008 276356
3009 415716
3010 775966
3011 880973
3012 674825
3013 436437
3014 395727
3015 582435
3016 94618
3017 32019
3018 305246
3019 309173
3020 715546
3021 235225
3022 100305
3023 998488
3024 354724
3025 479615
3026 438554
3027 908201
3028 237698
3029 490525
3030 290518
3031 718686
3032 691404
3033 427917
3034 879540
3035 437865
3036 586084
3037 297726
3038 22111
3039 974980
3040 4429
3041 471315
3042 36418
3043 386224
3044 947472
3045 63499
3046 23856
3047 323804
3048 199648
3049 310078
3050 330176
3051 757835
3052 650068
3053 363026
3054 247641
3055 846379
3056 111219
3057 758343
3058 367807
3059 52459
3060 776349
3061 396548
3062 480320
3063 537917
3064 26801
3065 162962
3066 33468
3067 183303
3068 32978
3069 274027
3070 127351
3071 611835
3072 8025
3073 302336
3074 953765
3075 545742
3076 670219
3077 357677
3078 884666
3079 47599
3080 375256
3081 600944
3082 852941
3083 440669
3084 998113
3085 674377
3086 777949
3087 344661
3088 308738
3089 543163
3090 29566
3091 581013
3092 707815
3093 973416
3094 967407
3095 109938
3096 507418
3097 499041
3098 558404
3099 465636
3100 773883
3101 349782
3102 791340
3103 802604
3104 242274
3105 785055
3106 849432
3107 991735
3108 186945
3109 479156
3110 753254
3111 687499
3112 942728
3113 674488
3114 880582
3115 795030
3116 146037
3117 418020
3118 544947
3119 807228
3120 662737
3121 244906
3122 761581
3123 456457
3124 626054
3125 610751
3126 741955
3127 573098
3128 387402
3129 404308
3130 283335
3131 894710
3132 428136
3133 215302
3134 507943
3135 396300
3136 161447
3137 172904
3138 760633
3139 975931
3140 919425
3141 110053
3142 501052
3143 633287
3144 447690
3145 314037
3146 785504
3147 614984
3148 673547
3149 976639
3150 187930
3151 3105
3152 956614
3153 705646
3154 474398
3155 417173
3156 134274
3157 667026
3158 940109
3159 549457
3160 427419
3161 422764
3162 414405
3163 214930
3164 242218
3165 657870
3166 612586
3167 166567
3168 486446
3169 361883
3170 792086
3171 690900
3172 688041
3173 771105
3174 785916
3175 685470
3176 760604
3177 379633
3178 123010
3179 647039
3180 85548
3181 497015
3182 490815
3183 526113
3184 881465
3185 341072
3186 590967
3187 378724
3188 894152
3189 194448
3190 28219
3191 960724
3192 879918
3193 176974
3194 252843
3195 43570
3196 362610
3197 162597
3198 447939
3199 105166
3200 741819
3201 34873
3202 268510
3203 876527
3204 114523
3205 79748
3206 355502
3207 857552
3208 571790
3209 875207
3210 874620
3211 596040
3212 251013
3213 586596
3214 979453
3215 137179
3216 895366
3217 411756
3218 37033
3219 370412
3220 7100
3221 855245
3222 850351
3223 941870
3224 118919
3225 124690
3226 588670
3227 269242
3228 65689
3229 829693
3230 17877
3231 938122
3232 62313
3233 184869
3234 187902
3235 211645
3236 606717
3237 449615
3238 463927
3239 525973
3240 780986
3241 519652
3242 617165
3243 41209
3244 48886
3245 576459
3246 257240
3247 579313
3248 602190
3249 923330
3250 782299
3251 506986
3252 227541
3253 529368
3254 39090
3255 352387
3256 414336
3257 69379
3258 270187
3259 610520
3260 444640
3261 108138
3262 629722
3263 364523
3264 768947
3265 517099
3266 475597
3267 990822
3268 425393
3269 731436
3270 901699
3271 427690
3272 281432
3273 321804
3274 117671
3275 762355
3276 721021
3277 850693
3278 578993
3279 365233
3280 149947
3281 655570
3282 432376
3283 495508
3284 508235
3285 113589
3286 289614
3287 385200
3288 350831
3289 924657
3290 449245
3291 834720
3292 53415
3293 845761
3294 24766
3295 517975
3296 214634
3297 230069
3298 539103
3299 586309
3300 333078
3301 295343
3302 138944
3303 5432
3304 638496
3305 659332
3306 854014
3307 976225
3308 432147
3309 742178
3310 163117
3311 37649
3312 148670
3313 820384
3314 371516
3315 177377
3316 377627
3317 12014
3318 997057
3319 773249
3320 391199
3321 232630
3322 2296
3323 136839
3324 7707
3325 155727
3326 497077
3327 150718
3328 399312
3329 675503
3330 623732
3331 195137
3332 324917
3333 54580
3334 81900
3335 600592
3336 162818
3337 361529
3338 961367
3339 983023
3340 536868
3341 494773
3342 742052
3343 402206
3344 607815
3345 848709
3346 956125
3347 605510
3348 649229
3349 817995
3350 757146
3351 93712
3352 84285
3353 936143
3354 627225
3355 178644
3356 42974
3357 599428
3358 500585
3359 40388
3360 854630
3361 397189
3362 468993
3363 371376
3364 941576
3365 930626
3366 942703
3367 993793
3368 877995
3369 296018
3370 104419
3371 723082
3372 53690
3373 791915
3374 850999
3375 233082
3376 393206
3377 806312
3378 259052
3379 156673
3380 963028
3381 687454
3382 230126
3383 669894
3384 417429
3385 904933
3386 115964
3387 287926
3388 29475
3389 185782
3390 244449
3391 119452
3392 298143
3393 48738
3394 765781
3395 843549
3396 664165
3397 259714
3398 722446
3399 793095
3400 882795
3401 959351
3402 775381
3403 743687
3404 846084
3405 351616
3406 354924
3407 951235
3408 703505
3409 938502
3410 864665
3411 178973
3412 658935
3413 903608
3414 867964
3415 570768
3416 813449
3417 715686
3418 302887
3419 317901
3420 444353
3421 686934
3422 776707
3423 827279
3424 557055
3425 690245
3426 914341
3427 117200
3428 891202
3429 640767
3430 807527
3431 169872
3432 607899
3433 571530
3434 517772
3435 76064
3436 10578
3437 87873
3438 713854
3439 775319
3440 66212
3441 843737
3442 214709
3443 674509
3444 482259
3445 133106
3446 4831
3447 208177
3448 272148
3449 186010
3450 188986
3451 666775
3452 300739
3453 770373
3454 56202
3455 184884
3456 261485
3457 963853
3458 583014
3459 362619
3460 997599
3461 724732
3462 179269
3463 442334
3464 467179
3465 174420
3466 575982
3467 522516
3468 971878
3469 338479
3470 486443
3471 845247
3472 353201
3473 776153
3474 4942
3475 517175
3476 621209
3477 873567
3478 810869
3479 31682
3480 156354
3481 162297
3482 741826
3483 957460
3484 33890
3485 447442
3486 512799
3487 92321
3488 807266
3489 648231
3490 567764
3491 87729
3492 975685
3493 445327
3494 736833
3495 6711
3496 403503
3497 234078
3498 470625
3499 853722
3500 785025
3501 659248
3502 571825
3503 818413
3504 315783
3505 576984
3506 132550
3507 705615
3508 576435
3509 592530
3510 609238
3511 821079
3512 122496
3513 61512
3514 871288
3515 877451
3516 844366
3517 338265
3518 595874
3519 348732
3520 88273
3521 91954
3522 452490
3523 96117
3524 158262
3525 191185
3526 233399
3527 116094
3528 829073
3529 246981
3530 999665
3531 416185
3532 144581
3533 684635
3534 689748
3535 438570
3536 139303
3537 734903
3538 694352
3539 151348
3540 362597
3541 57802
3542 56446
3543 76564
3544 695707
3545 666872
3546 81085
3547 678853
3548 998221
3549 253077
3550 811086
3551 895052
3552 498290
3553 25784
3554 570111
3555 230236
3556 523684
3557 419413
3558 325640
3559 6926
3560 460297
3561 850170
3562 165327
3563 649847
3564 600843
3565 554772
3566 598986
3567 577365
3568 517268
3569 75251
3570 535774
3571 502035
3572 541963
3573 359220
3574 685956
3575 6556
3576 989456
3577 677435
3578 296063
3579 838569
3580 584245
3581 589956
3582 745436
3583 779374
3584 702397
3585 253871
3586 764441
3587 399750
3588 82977
3589 210557
3590 236471
3591 873160
3592 547186
3593 935289
3594 526788
3595 15848
3596 483094
3597 408909
3598 554038
3599 248528
3600 745001
3601 578195
3602 850620
3603 499907
3604 590040
3605 121814
3606 315079
3607 613177
3608 69717
3609 511605
3610 365286
3611 378645
3612 228223
3613 48969
3614 580601
3615 344966
3616 677900
3617 723844
3618 452842
3619 395044
3620 848983
3621 264966
3622 531078
3623 188061
3624 997289
3625 266535
3626 478651
3627 834450
3628 29882
3629 445252
3630 500100
3631 94723
3632 332838
3633 825768
3634 331604
3635 375357
3636 93237
3637 410384
3638 815144
3639 375390
3640 463667
3641 864529
3642 740898
3643 346767
3644 264230
3645 162715
3646 594552
3647 140949
3648 524779
3649 475822
3650 489655
3651 985887
3652 887541
3653 840568
3654 506235
3655 873673
3656 894156
3657 102519
3658 955199
3659 533114
3660 226332
3661 47222
3662 506329
3663 847046
3664 638843
3665 577837
3666 371684
3667 775672
3668 278560
3669 825470
3670 744953
3671 29787
3672 312913
3673 519409
3674 832768
3675 956918
3676 862962
3677 143284
3678 151451
3679 55624
3680 545682
3681 970321
3682 330416
3683 805251
3684 950691
3685 132052
3686 692894
3687 817937
3688 910328
3689 322028
3690 60431
3691 804735
3692 848483
3693 476107
3694 937377
3695 257188
3696 21061
3697 976961
3698 816164
3699 728940
3700 375335
3701 290743
3702 347517
3703 949043
3704 671252
3705 912717
3706 538915
3707 890187
3708 617087
3709 545619
3710 679834
3711 172461
3712 95437
3713 295074
3714 996855
3715 518287
3716 191921
3717 591453
3718 972064
3719 239473
3720 114868
3721 553688
3722 123876
3723 176028
3724 214669
3725 630128
3726 863214
3727 2248
3728 9304
3729 882167
3730 765579
3731 143097
3732 308964
3733 31790
3734 410067
3735 618016
3736 446965
3737 953321
3738 451715
3739 255742
3740 83638
3741 247274
3742 139068
3743 848746
3744 700105
3745 750757
3746 342670
3747 776457
3748 463432
3749 690148
3750 803962
3751 400007
3752 675416
3753 809550
3754 682194
3755 486079
3756 143917
3757 369909
3758 207231
3759 62210
3760 996465
3761 831621
3762 929368
3763 340140
3764 226713
3765 246314
3766 487356
3767 707509
3768 489634
3769 595508
3770 239895
3771 711948
3772 783435
3773 244597
3774 474100
3775 516878
3776 945558
3777 315612
3778 120088
3779 456823
3780 695448
3781 622255
3782 70458
3783 164461
3784 954777
3785 122562
3786 886553
3787 775044
3788 621385
3789 910352
3790 132620
3791 70064
3792 949361
3793 134216
3794 30319
3795 125495
3796 355531
3797 965736
3798 988235
3799 245689
3800 321502
3801 665923
3802 706293
3803 247653
3804 157530
3805 765304
3806 558473
3807 708323
3808 635592
3809 488992
3810 347203
3811 686491
3812 857543
3813 449436
3814 30789
3815 908702
3816 502038
3817 687962
3818 835792
3819 83008
3820 670832
3821 778921
3822 167040
3823 134596
3824 639113
3825 590062
3826 759802
3827 892536
3828 691900
3829 608202
3830 625515
3831 387161
3832 13355
3833 444408
3834 21418
3835 123623
3836 980697
3837 197466
3838 125635
3839 800234
3840 719569
3841 13798
3842 476101
3843 152213
3844 2013
3845 187113
3846 890558
3847 274942
3848 438225
3849 8571
3850 335358
3851 659001
3852 934109
3853 840330
3854 565564
3855 635826
3856 891056
3857 339875
3858 783779
3859 262267
3860 23715
3861 723001
3862 729102
3863 279693
3864 704938
3865 498752
3866 632777
3867 474132
3868 731939
3869 334901
3870 188527
3871 984711
3872 489592
3873 977829
3874 861759
3875 195140
3876 889268
3877 332086
3878 484022
3879 274791
3880 736476
3881 543995
3882 582035
3883 80170
3884 457699
3885 887637
3886 411903
3887 493105
3888 354175
3889 343289
3890 299600
3891 758155
3892 784197
3893 426386
3894 922428
3895 528607
3896 269902
3897 273340
3898 349992
3899 68717
3900 422040
3901 438972
3902 447445
3903 960732
3904 547208
3905 794038
3906 31730
3907 190742
3908 695263
3909 331554
3910 569647
3911 239981
3912 896763
3913 363728
3914 274442
3915 781103
3916 186266
3917 299747
3918 957915
3919 405872
3920 290076
3921 986055
3922 643577
3923 16125
3924 237835
3925 28800
3926 662147
3927 758820
3928 625285
3929 931717
3930 105691
3931 734078
3932 378137
3933 616789
3934 186194
3935 848734
3936 39648
3937 559694
3938 256609
3939 713872
3940 300955
3941 493550
3942 238959
3943 120725
3944 515131
3945 304168
3946 649324
3947 493316
3948 663258
3949 265318
3950 701395
3951 567057
3952 881493
3953 316162
3954 449336
3955 29704
3956 498365
3957 353511
3958 141120
3959 774541
3960 185521
3961 953052
3962 892188
3963 936144
3964 485327
3965 15824
3966 156515
3967 827846
3968 665591
3969 294447
3970 921279
3971 988993
3972 663795
3973 838777
3974 938663
3975 631753
3976 247474
3977 129536
3978 943615
3979 94892
3980 438522
3981 73077
3982 702147
3983 349151
3984 560315
3985 408853
3986 856960
3987 930325
3988 878772
3989 246655
3990 54688
3991 816626
3992 960979
3993 982510
3994 373936
3995 22287
3996 385309
3997 334926
3998 950797
3999 995788
