# 4000 data points
# index number
0 999665
1 999119
2 998826
3 998599
4 998488
5 998395
6 998221
7 998113
8 998035
9 998029
10 997806
11 997599
12 997289
13 997175
14 997096
15 997057
16 996960
17 996855
18 996699
19 996525
20 996465
21 996382
22 996316
23 995788
24 995482
25 995297
26 995033
27 994482
28 993905
29 993861
30 993793
31 993093
32 992216
33 991777
34 991760
35 991735
36 991672
37 991616
38 991442
39 990822
40 990572
41 990019
42 989456
43 989102
44 988993
45 988789
46 988235
47 987796
48 987773
49 987331
50 987115
51 986974
52 986614
53 986598
54 986440
55 986055
56 985887
57 985772
58 985572
59 985111
60 984711
61 984629
62 984483
63 983739
64 983669
65 983582
66 983270
67 983214
68 983023
69 982962
70 982645
71 982510
72 982393
73 982299
74 981929
75 981799
76 981487
77 981308
78 981284
79 981256
80 981176
81 980899
82 980697
83 980540
84 980315
85 980234
86 979514
87 979453
88 978771
89 978225
90 978165
91 978072
92 977829
93 977828
94 977768
95 977373
96 977186
97 976964
98 976961
99 976892
100 976867
101 976768
102 976639
103 976451
104 976307
105 976225
106 976210
107 976010
108 975931
109 975685
110 975139
111 974980
112 974882
113 974370
114 974334
115 974289
116 973921
117 973793
118 973540
119 973416
120 972917
121 972700
122 972565
123 972349
124 972238
125 972216
126 972113
127 972064
128 971878
129 970786
130 970321
131 969837
132 969411
133 969393
134 969368
135 969283
136 968993
137 968572
138 967766
139 967741
140 967663
141 967539
142 967407
143 967308
144 967214
145 966482
146 966010
147 965892
148 965736
149 965665
150 965524
151 965517
152 964884
153 964778
154 964378
155 963853
156 963028
157 962967
158 962828
159 962805
160 962710
161 962580
162 961650
163 961367
164 961314
165 961311
166 961061
167 960979
168 960928
169 960795
170 960732
171 960724
172 960662
173 959351
174 959343
175 959036
176 958872
177 958708
178 957915
179 957460
180 957329
181 956918
182 956614
183 956135
184 956125
185 955878
186 955605
187 955566
188 955199
189 955160
190 954936
191 954777
192 954702
193 953937
194 953797
195 953765
196 953321
197 953052
198 952819
199 952259
200 951830
201 951740
202 951571
203 951235
204 950797
205 950691
206 950548
207 950503
208 950188
209 950019
210 950003
211 949759
212 949638
213 949361
214 949043
215 948669
216 948297
217 948206
218 947968
219 947472
220 946481
221 946298
222 945835
223 945826
224 945706
225 945558
226 945402
227 945170
228 944867
229 944787
230 944083
231 943834
232 943679
233 943615
234 943519
235 943221
236 942728
237 942703
238 942253
239 942169
240 941987
241 941870
242 941576
243 941562
244 941416
245 941037
246 940180
247 940109
248 939614
249 939535
250 939515
251 939250
252 939163
253 938887
254 938832
255 938663
256 938502
257 938122
258 938101
259 937601
260 937377
261 936971
262 936707
263 936679
264 936489
265 936381
266 936308
267 936164
268 936144
269 936143
270 935762
271 935636
272 935466
273 935289
274 935241
275 934644
276 934109
277 933572
278 933326
279 933187
280 932552
281 932034
282 931803
283 931717
284 930942
285 930809
286 930626
287 930517
288 930325
289 930223
290 929945
291 929801
292 929669
293 929627
294 929568
295 929368
296 929175
297 927975
298 927631
299 927395
300 927391
301 927368
302 926335
303 926284
304 925898
305 925556
306 925459
307 925367
308 925352
309 925345
310 925127
311 924977
312 924965
313 924657
314 924581
315 924248
316 923781
317 923330
318 923145
319 922994
320 922966
321 922428
322 922233
323 922212
324 922149
325 922051
326 922012
327 922003
328 921279
329 920728
330 920472
331 920325
332 919884
333 919871
334 919425
335 919425
336 919390
337 919178
338 918997
339 918580
340 918359
341 917949
342 917854
343 917675
344 917345
345 916678
346 916294
347 916103
348 916026
349 915613
350 914341
351 914218
352 914111
353 913799
354 913797
355 913246
356 912871
357 912717
358 912341
359 912182
360 911349
361 910352
362 910328
363 909514
364 908924
365 908866
366 908702
367 908671
368 908306
369 908201
370 906972
371 906775
372 906775
373 906741
374 906690
375 905389
376 905319
377 904933
378 904701
379 904122
380 903960
381 903833
382 903608
383 903325
384 902739
385 902274
386 902258
387 902248
388 902200
389 902141
390 901919
391 901873
392 901699
393 901565
394 901516
395 901330
396 901301
397 901097
398 901010
399 899934
400 899887
401 899015
402 898524
403 898324
404 898180
405 897326
406 897168
407 897114
408 896967
409 896763
410 896606
411 896513
412 896490
413 896266
414 895634
415 895522
416 895405
417 895366
418 895052
419 895046
420 894989
421 894972
422 894710
423 894276
424 894156
425 894152
426 893825
427 893771
428 893633
429 892949
430 892746
431 892568
432 892536
433 892476
434 892207
435 892191
436 892188
437 891470
438 891202
439 891056
440 891053
441 890558
442 890187
443 889937
444 889492
445 889370
446 889268
447 889114
448 888998
449 888962
450 888919
451 888809
452 887684
453 887637
454 887541
455 887108
456 886819
457 886594
458 886553
459 885933
460 885867
461 885600
462 885252
463 884789
464 884689
465 884666
466 883699
467 883544
468 883468
469 883183
470 882850
471 882795
472 882532
473 882167
474 881990
475 881873
476 881529
477 881493
478 881465
479 881249
480 880973
481 880582
482 879918
483 879777
484 879540
485 879428
486 878983
487 878794
488 878772
489 878491
490 877995
491 877973
492 877891
493 877451
494 877283
495 877062
496 877020
497 876579
498 876527
499 876416
500 876035
501 875864
502 875815
503 875545
504 875207
505 874941
506 874829
507 874620
508 874519
509 874431
510 873852
511 873673
512 873567
513 873542
514 873160
515 873107
516 872985
517 872938
518 872687
519 872641
520 871357
521 871288
522 871279
523 870931
524 870524
525 870513
526 870237
527 869874
528 869866
529 869625
530 869577
531 869301
532 869178
533 868768
534 868756
535 868568
536 868526
537 868320
538 867964
539 867629
540 866582
541 866492
542 866218
543 865724
544 865428
545 865239
546 864994
547 864882
548 864665
549 864616
550 864529
551 864245
552 863804
553 863333
554 863270
555 863232
556 863214
557 862962
558 862711
559 862023
560 861759
561 861552
562 861400
563 861264
564 860480
565 858263
566 858099
567 858087
568 858035
569 857851
570 857552
571 857543
572 856960
573 856879
574 856748
575 856495
576 856214
577 855639
578 855571
579 855245
580 855202
581 854630
582 854576
583 854565
584 854547
585 854537
586 854520
587 854014
588 853722
589 853319
590 853166
591 852941
592 852882
593 852504
594 852243
595 852007
596 851279
597 851276
598 851181
599 850999
600 850693
601 850620
602 850351
603 850192
604 850170
605 849912
606 849628
607 849432
608 849361
609 849147
610 848983
611 848746
612 848734
613 848709
614 848694
615 848516
616 848483
617 847987
618 847803
619 847619
620 847583
621 847278
622 847207
623 847046
624 846676
625 846559
626 846382
627 846379
628 846290
629 846084
630 845761
631 845384
632 845247
633 844685
634 844366
635 843737
636 843592
637 843580
638 843549
639 843044
640 842826
641 842783
642 842357
643 842277
644 841693
645 841622
646 841614
647 840834
648 840706
649 840618
650 840568
651 840330
652 839982
653 839271
654 838961
655 838820
656 838815
657 838777
658 838732
659 838569
660 838396
661 838315
662 838171
663 838030
664 837979
665 837587
666 837426
667 836482
668 835826
669 835792
670 835618
671 835247
672 834881
673 834720
674 834575
675 834450
676 834098
677 833779
678 833482
679 833319
680 833182
681 832972
682 832878
683 832877
684 832768
685 832622
686 832474
687 832458
688 832281
689 832259
690 832066
691 832026
692 831753
693 831621
694 831600
695 830903
696 830733
697 830600
698 830044
699 829824
700 829693
701 829559
702 829112
703 829073
704 828317
705 828292
706 828091
707 828036
708 827846
709 827552
710 827544
711 827467
712 827279
713 826774
714 825768
715 825673
716 825593
717 825470
718 824838
719 823329
720 823091
721 822908
722 822454
723 822181
724 821963
725 821531
726 821269
727 821128
728 821079
729 821055
730 820773
731 820557
732 820384
733 820217
734 820205
735 819686
736 819665
737 818413
738 818210
739 818007
740 817995
741 817989
742 817937
743 817857
744 816802
745 816626
746 816406
747 816164
748 816037
749 815556
750 815196
751 815144
752 814718
753 814498
754 814406
755 814224
756 814169
757 813943
758 813449
759 813094
760 813054
761 812868
762 812606
763 812446
764 812294
765 812268
766 812053
767 811890
768 811783
769 811086
770 810869
771 810811
772 810768
773 810715
774 810572
775 810489
776 809550
777 809424
778 808904
779 808838
780 808705
781 808631
782 808260
783 807527
784 807266
785 807228
786 806588
787 806312
788 806002
789 805978
790 805902
791 805386
792 805251
793 805229
794 805171
795 804773
796 804735
797 804382
798 804209
799 804178
800 803962
801 803642
802 803332
803 802604
804 801992
805 801826
806 801446
807 801096
808 801077
809 800734
810 800681
811 800272
812 800234
813 799363
814 799337
815 799320
816 799219
817 798635
818 798584
819 798461
820 798212
821 797819
822 797261
823 797207
824 797189
825 796747
826 796528
827 795789
828 795521
829 795520
830 795464
831 795030
832 794982
833 794038
834 793250
835 793095
836 792763
837 792698
838 792086
839 792048
840 791915
841 791708
842 791340
843 790382
844 790105
845 789909
846 789831
847 789609
848 789044
849 787485
850 787341
851 787115
852 786974
853 786435
854 786173
855 786004
856 785916
857 785504
858 785373
859 785055
860 785025
861 784372
862 784197
863 783826
864 783779
865 783435
866 782507
867 782299
868 782161
869 781493
870 781440
871 781440
872 781103
873 781055
874 780986
875 780923
876 780213
877 780033
878 779973
879 779408
880 779374
881 779306
882 779259
883 779178
884 779133
885 778973
886 778921
887 778864
888 778516
889 778296
890 778148
891 778092
892 777949
893 777678
894 777404
895 777365
896 777037
897 776707
898 776679
899 776457
900 776449
901 776349
902 776153
903 775966
904 775672
905 775381
906 775319
907 775044
908 774541
909 774124
910 773883
911 773747
912 773500
913 773259
914 773249
915 772968
916 772760
917 771477
918 771105
919 770653
920 770373
921 769527
922 769009
923 768947
924 768850
925 768472
926 768424
927 768420
928 768349
929 768174
930 768114
931 767628
932 767489
933 766771
934 766354
935 765781
936 765663
937 765579
938 765304
939 764864
940 764618
941 764441
942 762550
943 762515
944 762355
945 761800
946 761581
947 761409
948 760895
949 760633
950 760604
951 759904
952 759802
953 759796
954 759418
955 759087
956 758820
957 758757
958 758427
959 758343
960 758279
961 758275
962 758155
963 757835
964 757776
965 757351
966 757254
967 757146
968 756889
969 756446
970 756405
971 756098
972 754417
973 754339
974 753836
975 753254
976 753197
977 752777
978 751968
979 751625
980 751389
981 751341
982 751218
983 751114
984 750768
985 750757
986 750496
987 750197
988 750131
989 749912
990 749488
991 749417
992 749070
993 748089
994 748058
995 747830
996 746928
997 746911
998 746843
999 746838
1000 746557
1001 745663
1002 745436
1003 745204
1004 745013
1005 745001
1006 744953
1007 744772
1008 744699
1009 744673
1010 744668
1011 744306
1012 743862
1013 743687
1014 743467
1015 743146
1016 742887
1017 742178
1018 742128
1019 742052
1020 741955
1021 741826
1022 741819
1023 741722
1024 741669
1025 741218
1026 740922
1027 740898
1028 740328
1029 739879
1030 739252
1031 738949
1032 738539
1033 738045
1034 737925
1035 737609
1036 737551
1037 736833
1038 736476
1039 736079
1040 735981
1041 735884
1042 735363
1043 735298
1044 735291
1045 734903
1046 734424
1047 734187
1048 734078
1049 734027
1050 733678
1051 733175
1052 733128
1053 732839
1054 732330
1055 731939
1056 731924
1057 731773
1058 731477
1059 731436
1060 730752
1061 730178
1062 729349
1063 729264
1064 729102
1065 728940
1066 728884
1067 728419
1068 728352
1069 727840
1070 727287
1071 725503
1072 725189
1073 725142
1074 724975
1075 724803
1076 724732
1077 724709
1078 724653
1079 724545
1080 724483
1081 723844
1082 723686
1083 723573
1084 723435
1085 723211
1086 723199
1087 723138
1088 723082
1089 723001
1090 722872
1091 722446
1092 721608
1093 721319
1094 721021
1095 721020
1096 720818
1097 720727
1098 720668
1099 720403
1100 720190
1101 719830
1102 719569
1103 719555
1104 719495
1105 719392
1106 719142
1107 718686
1108 718614
1109 718159
1110 717987
1111 716791
1112 716638
1113 716135
1114 715979
1115 715686
1116 715546
1117 715224
1118 715140
1119 715065
1120 715026
1121 714527
1122 714513
1123 714507
1124 713872
1125 713854
1126 713769
1127 713300
1128 711948
1129 711493
1130 710587
1131 710527
1132 709705
1133 709545
1134 709097
1135 708870
1136 708722
1137 708425
1138 708323
1139 708304
1140 708099
1141 707815
1142 707736
1143 707509
1144 707409
1145 707321
1146 707320
1147 707319
1148 706312
1149 706293
1150 706267
1151 706210
1152 705646
1153 705615
1154 705500
1155 705381
1156 704938
1157 704881
1158 704757
1159 704531
1160 703994
1161 703888
1162 703696
1163 703662
1164 703505
1165 703266
1166 703132
1167 702646
1168 702542
1169 702397
1170 702348
1171 702147
1172 701970
1173 701864
1174 701395
1175 701085
1176 700604
1177 700398
1178 700105
1179 699154
1180 699082
1181 699050
1182 698853
1183 698653
1184 698031
1185 697764
1186 697475
1187 696902
1188 696851
1189 696508
1190 696466
1191 696447
1192 695713
1193 695707
1194 695448
1195 695445
1196 695263
1197 695211
1198 695070
1199 694960
1200 694878
1201 694352
1202 693444
1203 692894
1204 692685
1205 692646
1206 692564
1207 692502
1208 692227
1209 692160
1210 691900
1211 691884
1212 691404
1213 691182
1214 690900
1215 690245
1216 690148
1217 690065
1218 689874
1219 689748
1220 689605
1221 689252
1222 688736
1223 688404
1224 688339
1225 688220
1226 688041
1227 687962
1228 687778
1229 687755
1230 687499
1231 687454
1232 687344
1233 687141
1234 686934
1235 686892
1236 686491
1237 686082
1238 685956
1239 685884
1240 685470
1241 684921
1242 684635
1243 683939
1244 683017
1245 682784
1246 682617
1247 682205
1248 682194
1249 679866
1250 679834
1251 679438
1252 679343
1253 678956
1254 678853
1255 678721
1256 678577
1257 677900
1258 677862
1259 677856
1260 677783
1261 677530
1262 677469
1263 677451
1264 677435
1265 677223
1266 677173
1267 676222
1268 675704
1269 675503
1270 675416
1271 675336
1272 674825
1273 674704
1274 674509
1275 674488
1276 674377
1277 673830
1278 673547
1279 673018
1280 672313
1281 671986
1282 671959
1283 671612
1284 671568
1285 671252
1286 671076
1287 671023
1288 670832
1289 670707
1290 670219
1291 669894
1292 668697
1293 668539
1294 668427
1295 668179
1296 667151
1297 667121
1298 667026
1299 666899
1300 666872
1301 666775
1302 666592
1303 666567
1304 665923
1305 665620
1306 665601
1307 665591
1308 665464
1309 665080
1310 664751
1311 664583
1312 664165
1313 664092
1314 664028
1315 663795
1316 663662
1317 663569
1318 663428
1319 663258
1320 663065
1321 662737
1322 662733
1323 662205
1324 662198
1325 662147
1326 662124
1327 661756
1328 660894
1329 660823
1330 660523
1331 660517
1332 660150
1333 659728
1334 659582
1335 659571
1336 659360
1337 659332
1338 659248
1339 659109
1340 659001
1341 658935
1342 658141
1343 658111
1344 657870
1345 657831
1346 656248
1347 655673
1348 655570
1349 655230
1350 654702
1351 654522
1352 653549
1353 653310
1354 653280
1355 653039
1356 652754
1357 652284
1358 651216
1359 650483
1360 650418
1361 650162
1362 650095
1363 650068
1364 649847
1365 649696
1366 649603
1367 649324
1368 649229
1369 649197
1370 648269
1371 648231
1372 647481
1373 647452
1374 647318
1375 647045
1376 647039
1377 647001
1378 646171
1379 645923
1380 645249
1381 644954
1382 644530
1383 644461
1384 644225
1385 643980
1386 643834
1387 643792
1388 643577
1389 643280
1390 643249
1391 642782
1392 642334
1393 642312
1394 640767
1395 640598
1396 640431
1397 640215
1398 639892
1399 639805
1400 639712
1401 639550
1402 639381
1403 639113
1404 639099
1405 639092
1406 639065
1407 638843
1408 638612
1409 638496
1410 638164
1411 637875
1412 637411
1413 635987
1414 635826
1415 635592
1416 635406
1417 635240
1418 635105
1419 634405
1420 633528
1421 633379
1422 633287
1423 633232
1424 633128
1425 632926
1426 632898
1427 632823
1428 632777
1429 632627
1430 632492
1431 632135
1432 631772
1433 631757
1434 631753
1435 631545
1436 631436
1437 630640
1438 630128
1439 629772
1440 629747
1441 629722
1442 629502
1443 629142
1444 628841
1445 628837
1446 628737
1447 628591
1448 628317
1449 627908
1450 627858
1451 627229
1452 627225
1453 626334
1454 626144
1455 626123
1456 626054
1457 625515
1458 625493
1459 625285
1460 625248
1461 625186
1462 625011
1463 624483
1464 624357
1465 624287
1466 623732
1467 623698
1468 623630
1469 623517
1470 623285
1471 622807
1472 622798
1473 622575
1474 622255
1475 621977
1476 621913
1477 621766
1478 621385
1479 621209
1480 620946
1481 620934
1482 620928
1483 619249
1484 619140
1485 618659
1486 618518
1487 618465
1488 618282
1489 618132
1490 618065
1491 618016
1492 617324
1493 617165
1494 617087
1495 616994
1496 616789
1497 616395
1498 616366
1499 616095
1500 615458
1501 615451
1502 614984
1503 614355
1504 613691
1505 613177
1506 612661
1507 612586
1508 612547
1509 612135
1510 611835
1511 611698
1512 610751
1513 610716
1514 610520
1515 609539
1516 609467
1517 609267
1518 609238
1519 609165
1520 608202
1521 608076
1522 608053
1523 607899
1524 607847
1525 607815
1526 607381
1527 607076
1528 606717
1529 606670
1530 606312
1531 606285
1532 605510
1533 605236
1534 604270
1535 604055
1536 603965
1537 603933
1538 603761
1539 603082
1540 603070
1541 602914
1542 602861
1543 602190
1544 602177
1545 601103
1546 600944
1547 600928
1548 600895
1549 600843
1550 600710
1551 600592
1552 600516
1553 599953
1554 599828
1555 599570
1556 599428
1557 599376
1558 599357
1559 599061
1560 598986
1561 598953
1562 598942
1563 598644
1564 597973
1565 597970
1566 597969
1567 597795
1568 596344
1569 596040
1570 595874
1571 595508
1572 595441
1573 595189
1574 595164
1575 595055
1576 594741
1577 594552
1578 593921
1579 593438
1580 593260
1581 592530
1582 592426
1583 591860
1584 591847
1585 591453
1586 590967
1587 590958
1588 590062
1589 590040
1590 589956
1591 589770
1592 589500
1593 588670
1594 588436
1595 588324
1596 588143
1597 587998
1598 587930
1599 587901
1600 587627
1601 587539
1602 587444
1603 586961
1604 586897
1605 586596
1606 586309
1607 586178
1608 586084
1609 585982
1610 584712
1611 584245
1612 583567
1613 583087
1614 583014
1615 582852
1616 582812
1617 582743
1618 582650
1619 582435
1620 582398
1621 582345
1622 582228
1623 582227
1624 582035
1625 581956
1626 581956
1627 581933
1628 581865
1629 581706
1630 581575
1631 581446
1632 581013
1633 580952
1634 580656
1635 580601
1636 579962
1637 579313
1638 579001
1639 578993
1640 578712
1641 578563
1642 578195
1643 578084
1644 578022
1645 577837
1646 577456
1647 577365
1648 577275
1649 576984
1650 576894
1651 576630
1652 576459
1653 576435
1654 576200
1655 575982
1656 574422
1657 574017
1658 573735
1659 573615
1660 573098
1661 572809
1662 572775
1663 572559
1664 572442
1665 571825
1666 571790
1667 571532
1668 571530
1669 571330
1670 571273
1671 570911
1672 570846
1673 570768
1674 570468
1675 570365
1676 570141
1677 570111
1678 569844
1679 569681
1680 569647
1681 569331
1682 568863
1683 568776
1684 568755
1685 568752
1686 568620
1687 568575
1688 568441
1689 567850
1690 567764
1691 567229
1692 567193
1693 567057
1694 566249
1695 566056
1696 565970
1697 565653
1698 565564
1699 564936
1700 564613
1701 564593
1702 564379
1703 564247
1704 564190
1705 563543
1706 563080
1707 562932
1708 562741
1709 562228
1710 561974
1711 561865
1712 561661
1713 561581
1714 561442
1715 561178
1716 561117
1717 561002
1718 560377
1719 560315
1720 560189
1721 560065
1722 559793
1723 559750
1724 559694
1725 559626
1726 559335
1727 559126
1728 559006
1729 558802
1730 558770
1731 558644
1732 558603
1733 558473
1734 558423
1735 558404
1736 558398
1737 558370
1738 558339
1739 557471
1740 557340
1741 557055
1742 556880
1743 556682
1744 556167
1745 556118
1746 554772
1747 554538
1748 554207
1749 554038
1750 554019
1751 553688
1752 552211
1753 552061
1754 551950
1755 551716
1756 551233
1757 550869
1758 550729
1759 550624
1760 550495
1761 550439
1762 549940
1763 549583
1764 549457
1765 549430
1766 549033
1767 548880
1768 548823
1769 548537
1770 548173
1771 547588
1772 547469
1773 547228
1774 547208
1775 547186
1776 546989
1777 546012
1778 545913
1779 545742
1780 545738
1781 545682
1782 545619
1783 545384
1784 545030
1785 544947
1786 544771
1787 544483
1788 544360
1789 544078
1790 543999
1791 543995
1792 543267
1793 543163
1794 543146
1795 543139
1796 543103
1797 542662
1798 542420
1799 542014
1800 541963
1801 541771
1802 540686
1803 540300
1804 539668
1805 539418
1806 539165
1807 539103
1808 539057
1809 538915
1810 538514
1811 538238
1812 538105
1813 538071
1814 537917
1815 537292
1816 537259
1817 537062
1818 536991
1819 536975
1820 536939
1821 536868
1822 535774
1823 535699
1824 534977
1825 534972
1826 534730
1827 534416
1828 534004
1829 533114
1830 533110
1831 532308
1832 531845
1833 531517
1834 531480
1835 531134
1836 531078
1837 530935
1838 530817
1839 530634
1840 529836
1841 529688
1842 529507
1843 529368
1844 529121
1845 528873
1846 528684
1847 528607
1848 528601
1849 527014
1850 526819
1851 526788
1852 526526
1853 526505
1854 526447
1855 526401
1856 526359
1857 526133
1858 526113
1859 526050
1860 525973
1861 525286
1862 524779
1863 524241
1864 524146
1865 523870
1866 523754
1867 523684
1868 523591
1869 523442
1870 523254
1871 523090
1872 522969
1873 522657
1874 522516
1875 522471
1876 522160
1877 521670
1878 521564
1879 521518
1880 521344
1881 521143
1882 521013
1883 519652
1884 519558
1885 519409
1886 518287
1887 517975
1888 517861
1889 517772
1890 517385
1891 517268
1892 517175
1893 517139
1894 517099
1895 516979
1896 516878
1897 516771
1898 516709
1899 515946
1900 515839
1901 515626
1902 515131
1903 514662
1904 513984
1905 513839
1906 512799
1907 512618
1908 512189
1909 511605
1910 511558
1911 511226
1912 510714
1913 509783
1914 509466
1915 509408
1916 509194
1917 509003
1918 508977
1919 508425
1920 508235
1921 508099
1922 508058
1923 507943
1924 507821
1925 507781
1926 507725
1927 507418
1928 506986
1929 506814
1930 506329
1931 506235
1932 506195
1933 506079
1934 505665
1935 505427
1936 504503
1937 504068
1938 503677
1939 503657
1940 503570
1941 503333
1942 502931
1943 502812
1944 502038
1945 502035
1946 501813
1947 501124
1948 501052
1949 500585
1950 500525
1951 500264
1952 500100
1953 500020
1954 499907
1955 499593
1956 499041
1957 498752
1958 498751
1959 498454
1960 498365
1961 498290
1962 498235
1963 498222
1964 498199
1965 498139
1966 497800
1967 497749
1968 497482
1969 497447
1970 497077
1971 497015
1972 496803
1973 496144
1974 495508
1975 494773
1976 494423
1977 494204
1978 493750
1979 493550
1980 493481
1981 493320
1982 493316
1983 493105
1984 492998
1985 492857
1986 492353
1987 492103
1988 491890
1989 491848
1990 491445
1991 491295
1992 491280
1993 490860
1994 490815
1995 490676
1996 490660
1997 490525
1998 490476
1999 490263
2000 489902
2001 489655
2002 489634
2003 489592
2004 489381
2005 489366
2006 488992
2007 488815
2008 488711
2009 488383
2010 487514
2011 487434
2012 487356
2013 487344
2014 487291
2015 486446
2016 486443
2017 486079
2018 485327
2019 484192
2020 484026
2021 484022
2022 483912
2023 483730
2024 483358
2025 483094
2026 483071
2027 482901
2028 482877
2029 482541
2030 482467
2031 482259
2032 482237
2033 481975
2034 481464
2035 481154
2036 481136
2037 480914
2038 480838
2039 480585
2040 480320
2041 480034
2042 480004
2043 479615
2044 479156
2045 479143
2046 478651
2047 478421
2048 478070
2049 477514
2050 477120
2051 476731
2052 476481
2053 476270
2054 476256
2055 476184
2056 476107
2057 476101
2058 475826
2059 475822
2060 475597
2061 475577
2062 475403
2063 475182
2064 475159
2065 474422
2066 474398
2067 474132
2068 474100
2069 474093
2070 474081
2071 473695
2072 473614
2073 472535
2074 472300
2075 472110
2076 471843
2077 471315
2078 470993
2079 470953
2080 470625
2081 470478
2082 470212
2083 469799
2084 469786
2085 469496
2086 469377
2087 469304
2088 469245
2089 468993
2090 468791
2091 468788
2092 468293
2093 468221
2094 467523
2095 467328
2096 467179
2097 466578
2098 466120
2099 465880
2100 465705
2101 465636
2102 465603
2103 465171
2104 464358
2105 464311
2106 464297
2107 463927
2108 463667
2109 463499
2110 463432
2111 463402
2112 463311
2113 463156
2114 462777
2115 462140
2116 461844
2117 461782
2118 461242
2119 460579
2120 460297
2121 460072
2122 458338
2123 457996
2124 457699
2125 457268
2126 456823
2127 456457
2128 456250
2129 454693
2130 453990
2131 453110
2132 452918
2133 452842
2134 452490
2135 452477
2136 452267
2137 451867
2138 451843
2139 451715
2140 451672
2141 451323
2142 450993
2143 450436
2144 450246
2145 450214
2146 450155
2147 449843
2148 449615
2149 449436
2150 449336
2151 449245
2152 449112
2153 448879
2154 448557
2155 448135
2156 447939
2157 447923
2158 447690
2159 447445
2160 447442
2161 447203
2162 446965
2163 446791
2164 446461
2165 446459
2166 446391
2167 446184
2168 446181
2169 446137
2170 445927
2171 445714
2172 445692
2173 445444
2174 445327
2175 445321
2176 445265
2177 445252
2178 445197
2179 444960
2180 444906
2181 444786
2182 444748
2183 444640
2184 444408
2185 444353
2186 444257
2187 444050
2188 443716
2189 443228
2190 443105
2191 443101
2192 442334
2193 442170
2194 442138
2195 441864
2196 441608
2197 441251
2198 441029
2199 440913
2200 440782
2201 440669
2202 440583
2203 440249
2204 438972
2205 438960
2206 438755
2207 438678
2208 438641
2209 438570
2210 438554
2211 438522
2212 438387
2213 438225
2214 438144
2215 437906
2216 437865
2217 437025
2218 436437
2219 436368
2220 436189
2221 436097
2222 436011
2223 435433
2224 435023
2225 434560
2226 434494
2227 434394
2228 434178
2229 434043
2230 433540
2231 433438
2232 433233
2233 433228
2234 433227
2235 432710
2236 432376
2237 432147
2238 431910
2239 431722
2240 431633
2241 431231
2242 431167
2243 431042
2244 430437
2245 430164
2246 430019
2247 429881
2248 429661
2249 428639
2250 428229
2251 428136
2252 428023
2253 427917
2254 427690
2255 427637
2256 427510
2257 427419
2258 427374
2259 427157
2260 426386
2261 426073
2262 426050
2263 425827
2264 425393
2265 425275
2266 425152
2267 424708
2268 424461
2269 424387
2270 423693
2271 423286
2272 423148
2273 422946
2274 422764
2275 422722
2276 422481
2277 422040
2278 421513
2279 420790
2280 420753
2281 420531
2282 420305
2283 419663
2284 419413
2285 419259
2286 419232
2287 418864
2288 418335
2289 418041
2290 418020
2291 417798
2292 417712
2293 417670
2294 417637
2295 417429
2296 417173
2297 417079
2298 416878
2299 416780
2300 416686
2301 416503
2302 416185
2303 415766
2304 415716
2305 414862
2306 414405
2307 414336
2308 414229
2309 413354
2310 413332
2311 413142
2312 413066
2313 412594
2314 412498
2315 412494
2316 412403
2317 411903
2318 411840
2319 411756
2320 411744
2321 411685
2322 411363
2323 410851
2324 410384
2325 410067
2326 409967
2327 409796
2328 408909
2329 408853
2330 408836
2331 408004
2332 407771
2333 406710
2334 406246
2335 406223
2336 405872
2337 405232
2338 405101
2339 404836
2340 404308
2341 404300
2342 403549
2343 403503
2344 403403
2345 403239
2346 402963
2347 402700
2348 402218
2349 402206
2350 401036
2351 400900
2352 400338
2353 400219
2354 400139
2355 400007
2356 399750
2357 399312
2358 399252
2359 399022
2360 397189
2361 397175
2362 396829
2363 396716
2364 396548
2365 396300
2366 396237
2367 395727
2368 395335
2369 395307
2370 395102
2371 395044
2372 394244
2373 393430
2374 393206
2375 392874
2376 392199
2377 391696
2378 391199
2379 390696
2380 389874
2381 389636
2382 389386
2383 389175
2384 389174
2385 388886
2386 388242
2387 388030
2388 388020
2389 387795
2390 387611
2391 387581
2392 387511
2393 387402
2394 387400
2395 387161
2396 386734
2397 386667
2398 386431
2399 386280
2400 386224
2401 386212
2402 386019
2403 385728
2404 385309
2405 385200
2406 384883
2407 384155
2408 383248
2409 383159
2410 383038
2411 382961
2412 382952
2413 382299
2414 381867
2415 381706
2416 381459
2417 381133
2418 380634
2419 380451
2420 379960
2421 379633
2422 379166
2423 379122
2424 378724
2425 378645
2426 378531
2427 378137
2428 377840
2429 377810
2430 377627
2431 377434
2432 376674
2433 376609
2434 376378
2435 375390
2436 375357
2437 375335
2438 375256
2439 374829
2440 374066
2441 373936
2442 373827
2443 373495
2444 373428
2445 373352
2446 373252
2447 373023
2448 372756
2449 372228
2450 371884
2451 371841
2452 371761
2453 371684
2454 371516
2455 371376
2456 371280
2457 371264
2458 371180
2459 370469
2460 370412
2461 370074
2462 369909
2463 369287
2464 369172
2465 369060
2466 368914
2467 368658
2468 367857
2469 367807
2470 367802
2471 367175
2472 367121
2473 366382
2474 366335
2475 366316
2476 366241
2477 365908
2478 365286
2479 365233
2480 365161
2481 364934
2482 364785
2483 364757
2484 364699
2485 364523
2486 363804
2487 363772
2488 363728
2489 363564
2490 363091
2491 363026
2492 362935
2493 362898
2494 362809
2495 362619
2496 362610
2497 362597
2498 362517
2499 362178
2500 362019
2501 361883
2502 361703
2503 361529
2504 361379
2505 361281
2506 361048
2507 360204
2508 360192
2509 360112
2510 359625
2511 359220
2512 359214
2513 359166
2514 359148
2515 359037
2516 358748
2517 358738
2518 358450
2519 358317
2520 357677
2521 357666
2522 357470
2523 357034
2524 357031
2525 356463
2526 356442
2527 356335
2528 355873
2529 355840
2530 355750
2531 355531
2532 355502
2533 354973
2534 354924
2535 354877
2536 354788
2537 354724
2538 354300
2539 354188
2540 354175
2541 354096
2542 354018
2543 353921
2544 353511
2545 353201
2546 353192
2547 353089
2548 353071
2549 352387
2550 351744
2551 351616
2552 351372
2553 350835
2554 350831
2555 350795
2556 350431
2557 350270
2558 350101
2559 349992
2560 349988
2561 349782
2562 349282
2563 349269
2564 349151
2565 348732
2566 348606
2567 348531
2568 348023
2569 347814
2570 347525
2571 347517
2572 347331
2573 347213
2574 347203
2575 347062
2576 346972
2577 346862
2578 346767
2579 346394
2580 346329
2581 346064
2582 345780
2583 345770
2584 345599
2585 345596
2586 344997
2587 344966
2588 344661
2589 343834
2590 343719
2591 343444
2592 343289
2593 343100
2594 342847
2595 342670
2596 342518
2597 342110
2598 341922
2599 341624
2600 341240
2601 341072
2602 340347
2603 340343
2604 340140
2605 339969
2606 339942
2607 339875
2608 339671
2609 339638
2610 338841
2611 338763
2612 338730
2613 338687
2614 338582
2615 338479
2616 338288
2617 338265
2618 338062
2619 337761
2620 337517
2621 337505
2622 337483
2623 337049
2624 336895
2625 336834
2626 335677
2627 335358
2628 335032
2629 334955
2630 334926
2631 334901
2632 334691
2633 334090
2634 333961
2635 333692
2636 333374
2637 333078
2638 332915
2639 332838
2640 332827
2641 332139
2642 332086
2643 331986
2644 331677
2645 331604
2646 331554
2647 331088
2648 331084
2649 331077
2650 330505
2651 330416
2652 330176
2653 329995
2654 329825
2655 329712
2656 329582
2657 328809
2658 328464
2659 328447
2660 328399
2661 328372
2662 328239
2663 328109
2664 328071
2665 328036
2666 327867
2667 327598
2668 327538
2669 327352
2670 327332
2671 327054
2672 327051
2673 326925
2674 326576
2675 326062
2676 325904
2677 325659
2678 325640
2679 325589
2680 325439
2681 325292
2682 324917
2683 324706
2684 324271
2685 324230
2686 323997
2687 323851
2688 323804
2689 322823
2690 322795
2691 322649
2692 322278
2693 322028
2694 321826
2695 321804
2696 321649
2697 321502
2698 321329
2699 321184
2700 320986
2701 320657
2702 320507
2703 320429
2704 319946
2705 319434
2706 319359
2707 319310
2708 319176
2709 318754
2710 318566
2711 318525
2712 318248
2713 318101
2714 318090
2715 317901
2716 317842
2717 316570
2718 316162
2719 315783
2720 315612
2721 315079
2722 314873
2723 314037
2724 313992
2725 313867
2726 313493
2727 313451
2728 313196
2729 312913
2730 312597
2731 312343
2732 312275
2733 312269
2734 312189
2735 311699
2736 311580
2737 311264
2738 311174
2739 310882
2740 310078
2741 309444
2742 309284
2743 309222
2744 309173
2745 308964
2746 308920
2747 308738
2748 308239
2749 307499
2750 305676
2751 305597
2752 305246
2753 304940
2754 304268
2755 304208
2756 304168
2757 303322
2758 303241
2759 302887
2760 302493
2761 302365
2762 302336
2763 302206
2764 301986
2765 301962
2766 301892
2767 301820
2768 301546
2769 301217
2770 300955
2771 300739
2772 300397
2773 300192
2774 300130
2775 299747
2776 299631
2777 299617
2778 299600
2779 299381
2780 299322
2781 299195
2782 298839
2783 298833
2784 298143
2785 297910
2786 297726
2787 297435
2788 297374
2789 297195
2790 296628
2791 296553
2792 296423
2793 296063
2794 296018
2795 295343
2796 295074
2797 294789
2798 294752
2799 294629
2800 294447
2801 294099
2802 294002
2803 292927
2804 292754
2805 292404
2806 292361
2807 292288
2808 292251
2809 292023
2810 291709
2811 291376
2812 291157
2813 290842
2814 290743
2815 290518
2816 290373
2817 290233
2818 290161
2819 290076
2820 289956
2821 289663
2822 289614
2823 289567
2824 289473
2825 289067
2826 288991
2827 288528
2828 287926
2829 287093
2830 286987
2831 286649
2832 286208
2833 285918
2834 285366
2835 285261
2836 285026
2837 284564
2838 284534
2839 284078
2840 283697
2841 283627
2842 283335
2843 283282
2844 282853
2845 282554
2846 282050
2847 281550
2848 281432
2849 281353
2850 281328
2851 281315
2852 280880
2853 280612
2854 280298
2855 280051
2856 279693
2857 279445
2858 279093
2859 278949
2860 278788
2861 278560
2862 278375
2863 277806
2864 277641
2865 277348
2866 277279
2867 276813
2868 276538
2869 276356
2870 276171
2871 276132
2872 276109
2873 275884
2874 275376
2875 275323
2876 275269
2877 274942
2878 274820
2879 274791
2880 274744
2881 274442
2882 274027
2883 273829
2884 273819
2885 273340
2886 272650
2887 272489
2888 272148
2889 271882
2890 271232
2891 271013
2892 270277
2893 270187
2894 269902
2895 269242
2896 268700
2897 268685
2898 268624
2899 268600
2900 268559
2901 268510
2902 268067
2903 267763
2904 267761
2905 267011
2906 266754
2907 266719
2908 266535
2909 266327
2910 265861
2911 265776
2912 265318
2913 265316
2914 265272
2915 264966
2916 264417
2917 264230
2918 263931
2919 263301
2920 262920
2921 262836
2922 262800
2923 262415
2924 262369
2925 262267
2926 261968
2927 261608
2928 261485
2929 261446
2930 261397
2931 261295
2932 261180
2933 260661
2934 259714
2935 259710
2936 259413
2937 259378
2938 259180
2939 259052
2940 259029
2941 258954
2942 258405
2943 258284
2944 258163
2945 257992
2946 257240
2947 257188
2948 256609
2949 256076
2950 256003
2951 255757
2952 255742
2953 255157
2954 254946
2955 254899
2956 254547
2957 254306
2958 254215
2959 253871
2960 253800
2961 253704
2962 253511
2963 253077
2964 252843
2965 251925
2966 251790
2967 251654
2968 251654
2969 251013
2970 250231
2971 249255
2972 248846
2973 248802
2974 248730
2975 248528
2976 248086
2977 247729
2978 247653
2979 247641
2980 247618
2981 247481
2982 247474
2983 247440
2984 247274
2985 247016
2986 246981
2987 246939
2988 246655
2989 246431
2990 246314
2991 245689
2992 245533
2993 245377
2994 245258
2995 245033
2996 244906
2997 244884
2998 244718
2999 244637
3000 244597
3001 244449
3002 244408
3003 243828
3004 243821
3005 243750
3006 243517
3007 243112
3008 243110
3009 242929
3010 242893
3011 242658
3012 242274
3013 242218
3014 241862
3015 241496
3016 241416
3017 240751
3018 240334
3019 240283
3020 240024
3021 239981
3022 239895
3023 239677
3024 239602
3025 239473
3026 238959
3027 238586
3028 238453
3029 237835
3030 237698
3031 237473
3032 236974
3033 236770
3034 236532
3035 236471
3036 235736
3037 235614
3038 235373
3039 235280
3040 235225
3041 234983
3042 234580
3043 234356
3044 234078
3045 233661
3046 233399
3047 233082
3048 233026
3049 232630
3050 232456
3051 232445
3052 231985
3053 231701
3054 231524
3055 231314
3056 230654
3057 230236
3058 230126
3059 230104
3060 230069
3061 229876
3062 229488
3063 228978
3064 228403
3065 228387
3066 228372
3067 228223
3068 227655
3069 227541
3070 227419
3071 227332
3072 227102
3073 226964
3074 226722
3075 226713
3076 226332
3077 226209
3078 225450
3079 225351
3080 225346
3081 225033
3082 225015
3083 225011
3084 224505
3085 224210
3086 224129
3087 223792
3088 223201
3089 223087
3090 222499
3091 222339
3092 222132
3093 221777
3094 221564
3095 221352
3096 221263
3097 220810
3098 220411
3099 220371
3100 219905
3101 219697
3102 218608
3103 218514
3104 218002
3105 217759
3106 217566
3107 217241
3108 217172
3109 216845
3110 216629
3111 216564
3112 215505
3113 215302
3114 214930
3115 214709
3116 214669
3117 214634
3118 214571
3119 214368
3120 214110
3121 213942
3122 211827
3123 211645
3124 211644
3125 211341
3126 211249
3127 211137
3128 210647
3129 210557
3130 210384
3131 210215
3132 210079
3133 209985
3134 209387
3135 208932
3136 208177
3137 208049
3138 207231
3139 207178
3140 207098
3141 206000
3142 205806
3143 205439
3144 204962
3145 204668
3146 204653
3147 204464
3148 203799
3149 203670
3150 202862
3151 202658
3152 202323
3153 202062
3154 201025
3155 200626
3156 200475
3157 200443
3158 200286
3159 199788
3160 199671
3161 199648
3162 199458
3163 199387
3164 198835
3165 198787
3166 198470
3167 198220
3168 197978
3169 197699
3170 197466
3171 197286
3172 197260
3173 197106
3174 197059
3175 195914
3176 195649
3177 195243
3178 195140
3179 195137
3180 195123
3181 195100
3182 194734
3183 194637
3184 194456
3185 194448
3186 193676
3187 193270
3188 192059
3189 191921
3190 191835
3191 191747
3192 191657
3193 191574
3194 191506
3195 191185
3196 191132
3197 190742
3198 190634
3199 190386
3200 190278
3201 190186
3202 188986
3203 188911
3204 188527
3205 188112
3206 188061
3207 187930
3208 187902
3209 187520
3210 187439
3211 187113
3212 186945
3213 186764
3214 186707
3215 186266
3216 186194
3217 186010
3218 185782
3219 185521
3220 185409
3221 184996
3222 184884
3223 184869
3224 184784
3225 184709
3226 184210
3227 183981
3228 183849
3229 183303
3230 182980
3231 182563
3232 182465
3233 182432
3234 180988
3235 180772
3236 180456
3237 180306
3238 179711
3239 179475
3240 179269
3241 178973
3242 178823
3243 178644
3244 178479
3245 177841
3246 177604
3247 177580
3248 177377
3249 177181
3250 176974
3251 176769
3252 176473
3253 176462
3254 176310
3255 176028
3256 175877
3257 175828
3258 175764
3259 175506
3260 175033
3261 174943
3262 174420
3263 174284
3264 173822
3265 173360
3266 172904
3267 172461
3268 172452
3269 172063
3270 171915
3271 171805
3272 171701
3273 171620
3274 171598
3275 171256
3276 171036
3277 170580
3278 170381
3279 170346
3280 170264
3281 170236
3282 170192
3283 170146
3284 170140
3285 169968
3286 169957
3287 169926
3288 169872
3289 167351
3290 167346
3291 167246
3292 167040
3293 166587
3294 166567
3295 165582
3296 165327
3297 165068
3298 164798
3299 164782
3300 164596
3301 164461
3302 164149
3303 163795
3304 163345
3305 163247
3306 163117
3307 162962
3308 162834
3309 162818
3310 162715
3311 162597
3312 162297
3313 162261
3314 162062
3315 161960
3316 161480
3317 161447
3318 161314
3319 159984
3320 159883
3321 159565
3322 159163
3323 158774
3324 158465
3325 158362
3326 158262
3327 157622
3328 157530
3329 157396
3330 157307
3331 157175
3332 156927
3333 156881
3334 156875
3335 156861
3336 156673
3337 156515
3338 156499
3339 156354
3340 156278
3341 156247
3342 156054
3343 155727
3344 155702
3345 155501
3346 155214
3347 155192
3348 155053
3349 155045
3350 154528
3351 154521
3352 153936
3353 153808
3354 153322
3355 153106
3356 152967
3357 152890
3358 152790
3359 152776
3360 152599
3361 152216
3362 152213
3363 152152
3364 151545
3365 151451
3366 151348
3367 151221
3368 151120
3369 151103
3370 150718
3371 150477
3372 150149
3373 149947
3374 149876
3375 149760
3376 149445
3377 149102
3378 149051
3379 148670
3380 148095
3381 148077
3382 147654
3383 147609
3384 147524
3385 147303
3386 147181
3387 147125
3388 146959
3389 146037
3390 145666
3391 144992
3392 144915
3393 144874
3394 144581
3395 144135
3396 143917
3397 143889
3398 143813
3399 143770
3400 143556
3401 143540
3402 143284
3403 143281
3404 143201
3405 143097
3406 142924
3407 142678
3408 142278
3409 141567
3410 141120
3411 141002
3412 140949
3413 140603
3414 140520
3415 140507
3416 139994
3417 139711
3418 139457
3419 139303
3420 139074
3421 139068
3422 139054
3423 138944
3424 138830
3425 138802
3426 138534
3427 138516
3428 138470
3429 137527
3430 137179
3431 136950
3432 136906
3433 136843
3434 136839
3435 136070
3436 135815
3437 135498
3438 134888
3439 134617
3440 134596
3441 134274
3442 134252
3443 134216
3444 134148
3445 133722
3446 133667
3447 133106
3448 132831
3449 132620
3450 132550
3451 132235
3452 132208
3453 132052
3454 131845
3455 131730
3456 130856
3457 130423
3458 129949
3459 129536
3460 129510
3461 129439
3462 129332
3463 129239
3464 129131
3465 128651
3466 128465
3467 128369
3468 128255
3469 128006
3470 127875
3471 127611
3472 127351
3473 127143
3474 126900
3475 126665
3476 125970
3477 125635
3478 125495
3479 125315
3480 124866
3481 124714
3482 124690
3483 124050
3484 123876
3485 123623
3486 123081
3487 123010
3488 122770
3489 122723
3490 122613
3491 122562
3492 122496
3493 122448
3494 122292
3495 122223
3496 121814
3497 121046
3498 120879
3499 120725
3500 120392
3501 120088
3502 119899
3503 119565
3504 119452
3505 119228
3506 118968
3507 118956
3508 118919
3509 118833
3510 118765
3511 118708
3512 118557
3513 118155
3514 117979
3515 117671
3516 117574
3517 117200
3518 116328
3519 116094
3520 116028
3521 115964
3522 115133
3523 114975
3524 114868
3525 114658
3526 114523
3527 114458
3528 114051
3529 113883
3530 113589
3531 112838
3532 112425
3533 112405
3534 112326
3535 112121
3536 111857
3537 111672
3538 111557
3539 111473
3540 111219
3541 110963
3542 110936
3543 110787
3544 110521
3545 110413
3546 110310
3547 110299
3548 110053
3549 109938
3550 108743
3551 108741
3552 108138
3553 107469
3554 106970
3555 106869
3556 106623
3557 106315
3558 105691
3559 105684
3560 105166
3561 104955
3562 104747
3563 104683
3564 104419
3565 104364
3566 103778
3567 103007
3568 102878
3569 102812
3570 102648
3571 102615
3572 102604
3573 102519
3574 102347
3575 101956
3576 101681
3577 101353
3578 101046
3579 100910
3580 100526
3581 100436
3582 100305
3583 100178
3584 99867
3585 99863
3586 99616
3587 99339
3588 99190
3589 98851
3590 97972
3591 97864
3592 96865
3593 96527
3594 96117
3595 95966
3596 95532
3597 95437
3598 94976
3599 94892
3600 94723
3601 94618
3602 94615
3603 94594
3604 94340
3605 94204
3606 94061
3607 93805
3608 93712
3609 93695
3610 93653
3611 93237
3612 93203
3613 92907
3614 92528
3615 92467
3616 92436
3617 92321
3618 91962
3619 91954
3620 91881
3621 91819
3622 91615
3623 91592
3624 91555
3625 91363
3626 91274
3627 88686
3628 88644
3629 88612
3630 88583
3631 88564
3632 88421
3633 88307
3634 88273
3635 88154
3636 88036
3637 88026
3638 87873
3639 87729
3640 87275
3641 86993
3642 86897
3643 86211
3644 85945
3645 85548
3646 85548
3647 85462
3648 85351
3649 85327
3650 85318
3651 85194
3652 85037
3653 84983
3654 84646
3655 84408
3656 84285
3657 84106
3658 83638
3659 83575
3660 83008
3661 82977
3662 82509
3663 82449
3664 81981
3665 81900
3666 81864
3667 81802
3668 81662
3669 81085
3670 80665
3671 80287
3672 80170
3673 79748
3674 79170
3675 78511
3676 78164
3677 77536
3678 77265
3679 76799
3680 76564
3681 76329
3682 76064
3683 75501
3684 75251
3685 75092
3686 74860
3687 73555
3688 73340
3689 73320
3690 73232
3691 73110
3692 73077
3693 71704
3694 71524
3695 71282
3696 71241
3697 70458
3698 70138
3699 70115
3700 70064
3701 69856
3702 69780
3703 69717
3704 69610
3705 69518
3706 69463
3707 69379
3708 69319
3709 69254
3710 68747
3711 68717
3712 68496
3713 68058
3714 67807
3715 67092
3716 66616
3717 66573
3718 66212
3719 65869
3720 65740
3721 65731
3722 65715
3723 65689
3724 65659
3725 65610
3726 65344
3727 65223
3728 65208
3729 64460
3730 64323
3731 63835
3732 63753
3733 63734
3734 63499
3735 63068
3736 62933
3737 62834
3738 62763
3739 62656
3740 62639
3741 62313
3742 62210
3743 61512
3744 61073
3745 60431
3746 60425
3747 59333
3748 58800
3749 58657
3750 58634
3751 58485
3752 58128
3753 57802
3754 57711
3755 57426
3756 57360
3757 57356
3758 57114
3759 57030
3760 56527
3761 56446
3762 56202
3763 55624
3764 55540
3765 55412
3766 55242
3767 55211
3768 54688
3769 54620
3770 54580
3771 53690
3772 53415
3773 53017
3774 52459
3775 52026
3776 51318
3777 51210
3778 51019
3779 50672
3780 50444
3781 50138
3782 50129
3783 50034
3784 49924
3785 49611
3786 49251
3787 48969
3788 48886
3789 48738
3790 48705
3791 48609
3792 48404
3793 48363
3794 48327
3795 48264
3796 48063
3797 47739
3798 47599
3799 47393
3800 47222
3801 47144
3802 47027
3803 46970
3804 46515
3805 46512
3806 45649
3807 45621
3808 45227
3809 44777
3810 43978
3811 43570
3812 43083
3813 43003
3814 42974
3815 42896
3816 42779
3817 42337
3818 42310
3819 42052
3820 41618
3821 41514
3822 41444
3823 41209
3824 40905
3825 40784
3826 40504
3827 40414
3828 40388
3829 40295
3830 39648
3831 39090
3832 38882
3833 38801
3834 38426
3835 38245
3836 38111
3837 38028
3838 37866
3839 37649
3840 37447
3841 37151
3842 37033
3843 36932
3844 36418
3845 36376
3846 35735
3847 35083
3848 34888
3849 34873
3850 34724
3851 34672
3852 34471
3853 34264
3854 33890
3855 33669
3856 33468
3857 33041
3858 32978
3859 32966
3860 32800
3861 32782
3862 32046
3863 32043
3864 32019
3865 31967
3866 31790
3867 31730
3868 31703
3869 31682
3870 31556
3871 31428
3872 31379
3873 30928
3874 30920
3875 30789
3876 30749
3877 30514
3878 30448
3879 30375
3880 30319
3881 29926
3882 29882
3883 29787
3884 29704
3885 29566
3886 29475
3887 29143
3888 29027
3889 28809
3890 28800
3891 28219
3892 27907
3893 27852
3894 26801
3895 26211
3896 26208
3897 25917
3898 25784
3899 25334
3900 24921
3901 24766
3902 24724
3903 24637
3904 24304
3905 24271
3906 24214
3907 24162
3908 23856
3909 23715
3910 23068
3911 22812
3912 22744
3913 22378
3914 22287
3915 22157
3916 22111
3917 21418
3918 21402
3919 21061
3920 19445
3921 19077
3922 19000
3923 18801
3924 18746
3925 18738
3926 18191
3927 18047
3928 17877
3929 17447
3930 16231
3931 16125
3932 15871
3933 15848
3934 15824
3935 15570
3936 14725
3937 14723
3938 14598
3939 14290
3940 14170
3941 13798
3942 13385
3943 13355
3944 12714
3945 12014
3946 10578
3947 9998
3948 9824
3949 9800
3950 9581
3951 9304
3952 9256
3953 8571
3954 8410
3955 8393
3956 8106
3957 8027
3958 8025
3959 8015
3960 7819
3961 7707
3962 7400
3963 7378
3964 7100
3965 6926
3966 6711
3967 6575
3968 6556
3969 6111
3970 6097
3971 6089
3972 5868
3973 5432
3974 4942
3975 4888
3976 4831
3977 4487
3978 4429
3979 4361
3980 3941
3981 3744
3982 3562
3983 3105
3984 2998
3985 2804
3986 2760
3987 2591
3988 2508
3989 2296
3990 2248
3991 2013
3992 1816
3993 1524
3994 926
3995 833
3996 831
3997 547
3998 149
3999 115
