# 8000 data points
# index number
0 334
1 385
2 533
3 575
4 652
5 747
6 901
7 907
8 1221
9 1326
10 1378
11 1419
12 1421
13 1608
14 1658
15 1670
16 2160
17 2296
18 2473
19 2609
20 2715
21 2922
22 3004
23 3028
24 3180
25 3181
26 3185
27 3269
28 3416
29 3463
30 3643
31 3776
32 4049
33 4271
34 4782
35 4813
36 4828
37 5092
38 5422
39 5852
40 5855
41 5895
42 6007
43 6118
44 6212
45 6436
46 6563
47 6640
48 6697
49 6713
50 6727
51 6806
52 7578
53 7838
54 7838
55 7910
56 8091
57 8169
58 8556
59 8570
60 8636
61 8651
62 8786
63 8796
64 8818
65 8936
66 8981
67 9144
68 9608
69 9676
70 9764
71 9960
72 10250
73 10255
74 10385
75 10506
76 10575
77 10590
78 10666
79 10919
80 11226
81 11272
82 11359
83 11413
84 11451
85 11751
86 12352
87 12443
88 12492
89 12578
90 12651
91 12663
92 12888
93 13114
94 13211
95 13220
96 13346
97 13481
98 13602
99 13660
100 13865
101 13936
102 13981
103 14054
104 14097
105 14228
106 14394
107 14511
108 14517
109 14534
110 14567
111 14768
112 14843
113 15048
114 15563
115 15699
116 15744
117 15805
118 15832
119 15917
120 16141
121 16161
122 16270
123 16337
124 16354
125 16448
126 16617
127 16805
128 16871
129 17042
130 17045
131 17282
132 17306
133 17569
134 17639
135 17774
136 17876
137 17967
138 18037
139 18274
140 18283
141 18452
142 18654
143 18753
144 18754
145 18842
146 18932
147 18974
148 19149
149 20025
150 20179
151 20367
152 20402
153 20408
154 20427
155 20713
156 20729
157 20748
158 20784
159 20867
160 21007
161 21111
162 21168
163 21448
164 21614
165 21646
166 21686
167 21696
168 21762
169 21786
170 21823
171 21883
172 22066
173 22099
174 22155
175 22312
176 22316
177 22322
178 22496
179 22755
180 23008
181 23034
182 23050
183 23156
184 23186
185 23192
186 23197
187 23428
188 23522
189 23873
190 23893
191 24156
192 24250
193 24607
194 24681
195 24740
196 24935
197 24993
198 25375
199 25519
200 25766
201 25935
202 25951
203 26185
204 26344
205 26389
206 26485
207 26778
208 26870
209 26882
210 26911
211 26936
212 27056
213 27343
214 27374
215 27599
216 27617
217 27642
218 27693
219 27758
220 27808
221 28100
222 28137
223 28236
224 28389
225 28731
226 28794
227 28801
228 28805
229 28816
230 28903
231 28995
232 29002
233 29106
234 29184
235 29376
236 29404
237 29729
238 29767
239 29780
240 29989
241 30617
242 30736
243 30879
244 30923
245 30923
246 30928
247 31057
248 31385
249 31540
250 31540
251 31645
252 31733
253 32114
254 32366
255 32752
256 32945
257 33004
258 33068
259 33630
260 33704
261 33742
262 33786
263 33962
264 34225
265 34255
266 34264
267 34274
268 34452
269 34563
270 34723
271 34742
272 34858
273 34927
274 35059
275 35330
276 35334
277 35385
278 35422
279 35477
280 35860
281 36034
282 36042
283 36259
284 36263
285 36463
286 36792
287 36955
288 36971
289 37164
290 37375
291 37738
292 37805
293 37944
294 37976
295 38143
296 38531
297 38536
298 38692
299 38753
300 38861
301 38907
302 38975
303 39047
304 39050
305 39193
306 39210
307 39275
308 39371
309 39607
310 39660
311 39678
312 39693
313 39736
314 39789
315 40508
316 40547
317 40587
318 40802
319 40922
320 41019
321 41078
322 41169
323 41177
324 41245
325 41377
326 41377
327 41388
328 41406
329 41545
330 41738
331 41899
332 41915
333 42088
334 42188
335 42242
336 42302
337 42309
338 42389
339 42789
340 42877
341 42976
342 43272
343 43521
344 43552
345 43660
346 43787
347 43938
348 44001
349 44008
350 44117
351 44206
352 44736
353 44803
354 44832
355 44863
356 45139
357 45250
358 45691
359 45922
360 46014
361 46103
362 46233
363 46323
364 46343
365 46462
366 46536
367 46595
368 46664
369 46718
370 46916
371 46945
372 47017
373 47102
374 47118
375 47163
376 47183
377 47224
378 47537
379 47591
380 47608
381 47820
382 47866
383 48156
384 48253
385 48398
386 48484
387 48569
388 48572
389 48614
390 48777
391 49058
392 49064
393 49276
394 49372
395 49710
396 50015
397 50114
398 50218
399 50475
400 50522
401 50595
402 51033
403 51036
404 51055
405 51082
406 51432
407 51581
408 51611
409 52032
410 52136
411 52294
412 52366
413 52594
414 52821
415 53365
416 53445
417 53655
418 53694
419 53741
420 54003
421 54313
422 54355
423 54367
424 54531
425 54628
426 54887
427 54965
428 55124
429 55168
430 55184
431 55226
432 55234
433 55289
434 55444
435 55571
436 55597
437 55884
438 55956
439 55971
440 56012
441 56030
442 56045
443 56099
444 56135
445 56646
446 56771
447 56896
448 56921
449 56937
450 57214
451 57414
452 57477
453 57625
454 57656
455 57712
456 57932
457 57934
458 58001
459 58054
460 58067
461 58459
462 59234
463 59276
464 59507
465 59557
466 59566
467 59644
468 59647
469 59680
470 59701
471 59866
472 60226
473 60347
474 60811
475 60877
476 60895
477 61197
478 61213
479 61391
480 61453
481 61474
482 61686
483 61780
484 61804
485 61817
486 62022
487 62082
488 62162
489 62228
490 62306
491 62563
492 62640
493 62644
494 62705
495 62792
496 62860
497 62955
498 63152
499 63286
500 63317
501 63354
502 63409
503 63535
504 63822
505 63875
506 63925
507 63929
508 64059
509 64285
510 64420
511 64495
512 64592
513 64664
514 64670
515 64765
516 64970
517 65152
518 65322
519 65356
520 65554
521 65576
522 65838
523 65838
524 66017
525 66116
526 66342
527 66377
528 66419
529 66485
530 66558
531 66689
532 66710
533 66732
534 66827
535 66900
536 66941
537 66990
538 67026
539 67107
540 67279
541 67596
542 67687
543 67943
544 68196
545 68253
546 68399
547 68869
548 68898
549 69216
550 69218
551 69667
552 69890
553 69897
554 69902
555 70027
556 70174
557 70546
558 70670
559 70857
560 70858
561 70963
562 71167
563 71616
564 71698
565 71720
566 71722
567 71796
568 71810
569 72031
570 72181
571 72254
572 72294
573 72309
574 72506
575 72604
576 72675
577 72693
578 72740
579 73161
580 73474
581 73489
582 73823
583 74149
584 74228
585 74262
586 74470
587 74580
588 74752
589 74895
590 75737
591 75784
592 75828
593 76054
594 76062
595 76137
596 76356
597 76401
598 76418
599 76856
600 76933
601 77182
602 77473
603 77546
604 77572
605 77724
606 77768
607 77799
608 77841
609 78036
610 78115
611 78417
612 78620
613 78798
614 78820
615 78835
616 78892
617 78916
618 78980
619 79188
620 79241
621 79277
622 79490
623 79601
624 79640
625 79826
626 79850
627 79852
628 79956
629 80068
630 80358
631 80561
632 80653
633 80670
634 80750
635 80983
636 81170
637 81178
638 81220
639 81398
640 81405
641 81412
642 81564
643 81649
644 81708
645 81797
646 81912
647 81987
648 82223
649 82588
650 82808
651 82865
652 82903
653 83057
654 83073
655 83103
656 83284
657 83370
658 83454
659 83490
660 83732
661 83763
662 83848
663 83912
664 84185
665 84266
666 84422
667 84472
668 84550
669 84699
670 84767
671 84896
672 85109
673 85248
674 85326
675 85350
676 85557
677 85724
678 85845
679 86387
680 86665
681 87076
682 87252
683 87301
684 87637
685 87826
686 87878
687 88086
688 88127
689 88145
690 88399
691 88408
692 88553
693 88691
694 88812
695 88909
696 89220
697 89447
698 89508
699 89632
700 89683
701 90198
702 90335
703 90355
704 90384
705 90413
706 90416
707 90468
708 90488
709 90542
710 90657
711 90842
712 90876
713 90895
714 90908
715 91074
716 91087
717 91458
718 91542
719 91564
720 91663
721 91701
722 91726
723 91764
724 91780
725 92012
726 92061
727 92238
728 92252
729 92286
730 92380
731 92588
732 92621
733 92646
734 92821
735 93136
736 93137
737 93282
738 93304
739 93483
740 93601
741 93683
742 93861
743 93866
744 93937
745 93995
746 94368
747 94372
748 94746
749 94883
750 94965
751 95338
752 95363
753 95409
754 95440
755 95474
756 95624
757 95715
758 95796
759 95970
760 96011
761 96048
762 96628
763 96657
764 96659
765 96830
766 96973
767 97016
768 97320
769 97361
770 97372
771 97440
772 97460
773 97742
774 98060
775 98176
776 98352
777 98579
778 98652
779 98658
780 98679
781 98684
782 98699
783 98722
784 98770
785 98813
786 98933
787 98942
788 98961
789 99007
790 99098
791 99103
792 99121
793 99143
794 99264
795 99551
796 99865
797 99884
798 100093
799 100258
800 100396
801 100461
802 100582
803 100847
804 100921
805 100968
806 100978
807 100984
808 101050
809 101106
810 101904
811 101984
812 102174
813 102366
814 102460
815 102661
816 102768
817 102833
818 102974
819 103145
820 103432
821 103515
822 103596
823 103878
824 104150
825 104236
826 104241
827 104333
828 104455
829 104508
830 104662
831 104670
832 104760
833 104784
834 104843
835 104855
836 105137
837 105143
838 105181
839 105310
840 105386
841 105777
842 105805
843 106005
844 106079
845 106086
846 106114
847 106306
848 106330
849 106632
850 106915
851 107128
852 107174
853 107189
854 107248
855 107376
856 107519
857 107619
858 107637
859 107718
860 107719
861 107963
862 108269
863 108309
864 108363
865 108540
866 108597
867 108793
868 109033
869 109316
870 109319
871 109327
872 109342
873 109522
874 109554
875 109700
876 109701
877 109852
878 109857
879 109922
880 109973
881 110186
882 110238
883 110241
884 110241
885 110392
886 110790
887 111017
888 111164
889 111214
890 111362
891 111631
892 111776
893 111986
894 112411
895 112532
896 112629
897 112847
898 112921
899 113130
900 113142
901 113384
902 113395
903 113398
904 113455
905 113548
906 113561
907 113731
908 114031
909 114127
910 114292
911 114396
912 114460
913 114526
914 114571
915 114711
916 114929
917 114944
918 115118
919 115432
920 115461
921 115622
922 115765
923 115826
924 115924
925 116146
926 116172
927 116224
928 116393
929 116523
930 116602
931 116665
932 117252
933 117288
934 117293
935 117767
936 117821
937 118186
938 118200
939 118407
940 118661
941 118797
942 118975
943 119055
944 119101
945 119235
946 119244
947 119279
948 119505
949 119598
950 119913
951 119970
952 120181
953 120484
954 120525
955 120604
956 120866
957 121121
958 121130
959 121157
960 121358
961 121498
962 121640
963 121689
964 121788
965 121910
966 121928
967 122120
968 122243
969 122249
970 122355
971 122384
972 122467
973 122821
974 123093
975 123158
976 123285
977 123441
978 123563
979 123600
980 123705
981 123799
982 123985
983 124037
984 124081
985 124258
986 124284
987 124379
988 124556
989 124695
990 124744
991 124875
992 124959
993 125143
994 125219
995 125631
996 125642
997 125751
998 125774
999 125776
1000 125894
1001 125995
1002 126137
1003 126260
1004 126291
1005 126417
1006 126593
1007 126639
1008 126776
1009 127100
1010 127173
1011 127473
1012 127540
1013 127542
1014 127603
1015 128091
1016 128110
1017 128426
1018 128535
1019 128633
1020 129371
1021 129478
1022 129550
1023 129707
1024 130028
1025 130164
1026 130249
1027 130365
1028 130652
1029 130803
1030 130815
1031 131140
1032 131291
1033 131339
1034 131355
1035 131370
1036 131372
1037 131575
1038 131581
1039 131626
1040 131773
1041 131842
1042 131931
1043 131940
1044 131954
1045 131958
1046 132023
1047 132425
1048 132590
1049 132627
1050 132634
1051 132666
1052 132691
1053 132763
1054 132779
1055 132838
1056 132872
1057 132953
1058 132996
1059 133146
1060 133176
1061 133197
1062 133280
1063 133290
1064 133628
1065 133735
1066 133744
1067 133773
1068 133782
1069 133829
1070 133906
1071 134050
1072 134201
1073 134240
1074 134243
1075 134416
1076 134476
1077 134527
1078 134632
1079 135133
1080 135425
1081 135723
1082 135746
1083 135798
1084 135932
1085 136013
1086 136165
1087 136563
1088 136597
1089 136616
1090 136710
1091 136804
1092 137051
1093 137080
1094 137362
1095 137429
1096 137660
1097 137702
1098 137928
1099 138051
1100 138090
1101 138189
1102 138255
1103 138417
1104 138476
1105 138529
1106 138623
1107 138669
1108 138753
1109 138794
1110 138807
1111 139012
1112 139016
1113 139089
1114 139388
1115 139480
1116 139577
1117 139755
1118 139917
1119 139936
1120 140072
1121 140251
1122 140302
1123 140333
1124 140363
1125 140400
1126 140464
1127 140751
1128 140753
1129 141511
1130 141589
1131 141682
1132 141704
1133 141806
1134 142049
1135 142242
1136 142262
1137 142287
1138 142377
1139 142447
1140 142496
1141 142564
1142 142824
1143 142863
1144 142873
1145 143065
1146 143392
1147 143704
1148 143970
1149 144192
1150 144201
1151 144390
1152 144438
1153 144485
1154 144501
1155 144550
1156 144568
1157 144568
1158 144572
1159 145040
1160 145073
1161 145144
1162 145300
1163 145312
1164 145424
1165 145444
1166 145838
1167 146035
1168 146038
1169 146061
1170 146254
1171 146365
1172 146581
1173 147143
1174 147308
1175 147518
1176 147595
1177 147717
1178 147814
1179 147894
1180 148032
1181 148034
1182 148051
1183 148092
1184 148137
1185 148612
1186 148667
1187 148750
1188 148782
1189 148920
1190 149163
1191 149561
1192 149607
1193 149754
1194 149795
1195 149831
1196 149860
1197 150161
1198 150361
1199 150445
1200 150561
1201 150664
1202 150669
1203 150671
1204 150805
1205 150904
1206 151089
1207 151310
1208 151337
1209 151646
1210 151850
1211 152110
1212 152256
1213 152293
1214 152297
1215 152431
1216 152629
1217 152656
1218 152712
1219 153110
1220 153286
1221 153365
1222 153517
1223 153537
1224 153664
1225 153665
1226 153676
1227 153702
1228 153808
1229 154087
1230 154189
1231 154358
1232 154464
1233 154480
1234 154576
1235 154644
1236 154678
1237 155055
1238 155094
1239 155221
1240 155295
1241 155350
1242 155450
1243 155575
1244 155728
1245 156177
1246 156242
1247 156300
1248 156401
1249 156405
1250 156597
1251 156786
1252 156880
1253 157000
1254 157089
1255 157285
1256 157285
1257 157386
1258 157416
1259 157452
1260 157456
1261 157472
1262 157664
1263 157764
1264 158084
1265 158116
1266 158120
1267 158246
1268 158302
1269 158373
1270 158430
1271 158711
1272 158827
1273 158839
1274 158892
1275 158940
1276 159002
1277 159302
1278 159565
1279 159621
1280 159668
1281 159782
1282 159835
1283 159943
1284 159966
1285 160170
1286 160309
1287 160379
1288 160392
1289 160409
1290 160539
1291 160587
1292 160678
1293 160734
1294 160741
1295 160749
1296 161006
1297 161008
1298 161070
1299 161095
1300 161119
1301 161274
1302 161315
1303 161784
1304 161839
1305 161856
1306 161945
1307 161999
1308 162021
1309 162082
1310 162170
1311 162259
1312 162334
1313 162808
1314 162834
1315 162841
1316 163101
1317 163130
1318 163223
1319 163226
1320 163363
1321 163916
1322 164041
1323 164086
1324 164128
1325 164220
1326 164264
1327 164558
1328 164593
1329 164688
1330 164692
1331 165011
1332 165029
1333 165094
1334 165306
1335 165351
1336 165454
1337 165713
1338 166138
1339 166158
1340 166417
1341 166625
1342 166666
1343 166900
1344 166917
1345 166922
1346 166967
1347 167756
1348 168039
1349 168046
1350 168355
1351 168544
1352 168582
1353 168619
1354 168708
1355 168742
1356 168759
1357 168904
1358 168959
1359 169730
1360 170186
1361 170332
1362 170427
1363 170617
1364 170728
1365 171055
1366 171055
1367 171443
1368 171460
1369 171671
1370 171684
1371 171753
1372 171830
1373 171863
1374 171871
1375 171901
1376 172156
1377 172229
1378 172784
1379 172916
1380 172967
1381 172975
1382 173020
1383 173035
1384 173093
1385 173148
1386 173353
1387 173444
1388 173596
1389 173636
1390 173641
1391 173771
1392 173802
1393 173969
1394 174094
1395 174204
1396 174222
1397 174247
1398 174417
1399 174594
1400 174644
1401 174765
1402 174884
1403 174890
1404 174942
1405 175025
1406 175194
1407 175403
1408 175421
1409 175486
1410 175737
1411 175743
1412 175750
1413 175863
1414 176059
1415 176098
1416 176302
1417 176451
1418 176468
1419 176522
1420 176552
1421 176703
1422 176736
1423 176760
1424 176761
1425 176864
1426 176984
1427 177336
1428 177504
1429 177577
1430 177609
1431 177649
1432 177859
1433 178178
1434 178306
1435 178342
1436 178408
1437 178458
1438 178499
1439 178787
1440 178802
1441 179397
1442 179415
1443 179564
1444 179609
1445 180049
1446 180295
1447 180340
1448 180356
1449 180471
1450 180474
1451 180483
1452 180572
1453 180845
1454 180875
1455 181014
1456 181103
1457 181180
1458 181222
1459 181390
1460 181483
1461 181806
1462 181894
1463 182092
1464 182180
1465 182354
1466 182445
1467 182671
1468 182673
1469 182703
1470 182759
1471 182906
1472 183006
1473 183352
1474 183423
1475 183620
1476 184059
1477 184247
1478 184328
1479 184485
1480 184591
1481 184747
1482 184753
1483 184931
1484 184999
1485 185237
1486 185506
1487 185560
1488 185642
1489 185813
1490 186437
1491 186494
1492 186754
1493 186907
1494 186976
1495 186994
1496 187005
1497 187281
1498 187356
1499 187416
1500 187784
1501 187791
1502 187869
1503 188516
1504 188606
1505 188693
1506 188740
1507 188789
1508 188992
1509 189676
1510 189787
1511 189808
1512 189969
1513 189973
1514 189989
1515 190031
1516 190127
1517 190239
1518 190574
1519 190647
1520 190889
1521 190941
1522 190959
1523 190985
1524 191015
1525 191088
1526 191131
1527 191493
1528 191581
1529 191758
1530 191882
1531 192338
1532 192455
1533 192486
1534 192567
1535 192737
1536 192747
1537 192823
1538 192910
1539 192932
1540 193231
1541 193353
1542 193506
1543 194132
1544 194243
1545 194391
1546 194397
1547 194495
1548 194794
1549 194887
1550 194902
1551 195004
1552 195054
1553 195132
1554 195460
1555 195568
1556 195661
1557 195917
1558 196190
1559 196269
1560 197423
1561 197428
1562 197655
1563 197690
1564 197814
1565 197852
1566 197947
1567 198043
1568 198065
1569 198127
1570 198154
1571 198317
1572 198353
1573 198605
1574 198813
1575 198906
1576 198945
1577 199048
1578 199065
1579 199101
1580 199122
1581 199738
1582 199855
1583 200070
1584 200170
1585 200442
1586 200737
1587 200783
1588 200897
1589 200991
1590 201006
1591 201025
1592 201070
1593 201284
1594 201296
1595 201491
1596 201524
1597 201539
1598 201540
1599 201554
1600 201560
1601 201616
1602 201809
1603 201929
1604 202046
1605 202275
1606 202357
1607 202704
1608 202848
1609 203015
1610 203079
1611 203203
1612 203345
1613 203424
1614 203442
1615 203843
1616 204082
1617 204474
1618 204520
1619 204725
1620 205038
1621 205043
1622 205279
1623 205431
1624 205672
1625 205785
1626 206141
1627 206240
1628 206415
1629 206505
1630 206565
1631 206730
1632 206840
1633 206968
1634 206984
1635 207142
1636 207238
1637 207534
1638 207731
1639 207897
1640 208287
1641 208328
1642 208333
1643 208447
1644 208509
1645 208513
1646 208531
1647 209323
1648 209506
1649 209633
1650 209747
1651 210143
1652 210344
1653 210414
1654 210433
1655 210498
1656 210673
1657 210747
1658 210847
1659 210983
1660 211054
1661 211531
1662 211688
1663 211716
1664 211732
1665 211827
1666 211838
1667 211844
1668 211933
1669 211983
1670 211988
1671 212043
1672 212351
1673 212517
1674 212539
1675 212626
1676 212768
1677 212870
1678 212977
1679 213155
1680 213156
1681 213374
1682 213386
1683 213509
1684 213584
1685 213601
1686 213984
1687 214191
1688 214209
1689 214380
1690 214470
1691 214504
1692 214581
1693 214582
1694 214702
1695 215286
1696 215315
1697 215490
1698 215604
1699 215676
1700 215984
1701 216367
1702 216603
1703 216690
1704 216846
1705 216955
1706 217256
1707 217717
1708 217811
1709 218033
1710 218069
1711 218142
1712 218192
1713 218380
1714 218507
1715 218593
1716 218602
1717 218627
1718 218740
1719 219259
1720 219273
1721 219358
1722 219392
1723 219555
1724 219652
1725 219889
1726 219898
1727 219960
1728 220261
1729 220662
1730 220975
1731 221134
1732 221346
1733 221676
1734 221840
1735 221977
1736 222044
1737 222476
1738 222512
1739 222523
1740 222761
1741 222929
1742 223441
1743 223470
1744 223547
1745 223703
1746 223768
1747 223929
1748 223933
1749 223974
1750 224041
1751 224226
1752 224320
1753 224381
1754 224526
1755 224570
1756 224609
1757 224662
1758 224665
1759 224763
1760 224964
1761 225179
1762 225469
1763 225474
1764 225581
1765 225709
1766 225733
1767 225787
1768 225814
1769 225846
1770 225997
1771 226136
1772 226136
1773 226148
1774 226167
1775 226228
1776 226229
1777 226346
1778 226388
1779 226423
1780 226551
1781 226610
1782 226663
1783 226770
1784 226826
1785 227083
1786 227189
1787 227287
1788 227499
1789 227503
1790 227512
1791 227523
1792 227647
1793 228073
1794 228124
1795 228136
1796 228305
1797 228341
1798 228375
1799 228449
1800 228572
1801 228573
1802 228671
1803 228785
1804 228820
1805 228829
1806 228832
1807 228863
1808 228898
1809 228913
1810 229040
1811 229066
1812 229244
1813 229420
1814 229478
1815 229501
1816 229735
1817 230016
1818 230262
1819 230325
1820 230380
1821 230535
1822 230615
1823 230763
1824 230845
1825 230931
1826 230997
1827 231227
1828 231260
1829 231386
1830 231671
1831 231774
1832 232024
1833 232100
1834 232592
1835 232814
1836 232886
1837 233083
1838 233110
1839 233347
1840 233459
1841 233843
1842 233853
1843 233881
1844 233994
1845 234132
1846 234240
1847 234507
1848 234511
1849 234519
1850 234657
1851 234695
1852 234862
1853 234867
1854 234873
1855 235076
1856 235146
1857 235219
1858 235245
1859 235384
1860 235464
1861 235612
1862 235785
1863 235809
1864 235867
1865 235952
1866 236055
1867 236252
1868 236439
1869 236526
1870 236747
1871 236833
1872 236839
1873 236912
1874 236939
1875 237472
1876 237531
1877 237594
1878 238008
1879 238052
1880 238054
1881 238123
1882 238156
1883 238357
1884 238641
1885 238696
1886 238918
1887 239032
1888 239038
1889 239055
1890 239168
1891 239365
1892 239369
1893 239794
1894 240132
1895 240156
1896 240173
1897 240334
1898 240490
1899 240499
1900 240643
1901 240748
1902 240827
1903 240881
1904 241230
1905 241421
1906 241460
1907 241477
1908 241588
1909 241790
1910 241857
1911 242165
1912 242196
1913 242242
1914 242274
1915 242646
1916 242795
1917 242968
1918 243356
1919 243537
1920 243805
1921 243837
1922 243989
1923 244042
1924 244291
1925 244377
1926 244757
1927 244847
1928 244980
1929 245262
1930 245562
1931 245668
1932 245701
1933 245739
1934 246095
1935 246230
1936 246512
1937 246693
1938 246748
1939 246804
1940 246860
1941 246893
1942 247079
1943 247318
1944 247531
1945 248011
1946 248068
1947 248115
1948 248223
1949 248241
1950 248305
1951 248358
1952 248424
1953 248623
1954 248719
1955 248741
1956 248767
1957 248898
1958 248998
1959 249216
1960 249354
1961 249553
1962 249589
1963 249636
1964 249651
1965 249662
1966 249761
1967 249911
1968 249923
1969 250161
1970 250355
1971 250390
1972 250461
1973 250658
1974 250819
1975 250952
1976 251010
1977 251165
1978 251223
1979 251240
1980 251244
1981 251404
1982 251498
1983 251512
1984 251667
1985 251746
1986 252009
1987 252027
1988 252077
1989 252095
1990 252123
1991 252284
1992 252438
1993 252507
1994 252599
1995 252636
1996 252867
1997 252877
1998 252891
1999 252999
2000 253334
2001 253417
2002 253486
2003 253549
2004 253650
2005 253727
2006 253755
2007 253809
2008 253810
2009 253842
2010 253879
2011 253884
2012 254148
2013 254204
2014 254337
2015 254380
2016 254511
2017 254747
2018 254882
2019 255024
2020 255095
2021 255255
2022 255314
2023 255474
2024 255647
2025 255649
2026 255824
2027 256019
2028 256190
2029 256257
2030 256364
2031 256668
2032 256870
2033 256898
2034 257055
2035 257110
2036 257178
2037 257188
2038 257190
2039 257208
2040 257662
2041 257839
2042 258018
2043 258022
2044 258124
2045 258168
2046 258249
2047 258407
2048 258437
2049 258466
2050 258725
2051 258749
2052 258815
2053 258905
2054 259014
2055 259036
2056 259186
2057 259446
2058 259592
2059 259694
2060 259703
2061 259719
2062 259820
2063 260078
2064 260091
2065 260586
2066 260666
2067 260682
2068 260772
2069 260775
2070 260855
2071 260973
2072 260998
2073 261151
2074 261196
2075 261223
2076 261523
2077 261818
2078 261981
2079 261998
2080 262106
2081 262293
2082 262349
2083 262516
2084 262604
2085 262890
2086 263067
2087 263152
2088 263247
2089 263277
2090 263374
2091 263439
2092 263751
2093 263786
2094 264199
2095 264201
2096 264297
2097 264297
2098 264662
2099 264676
2100 264677
2101 264759
2102 264876
2103 264889
2104 265008
2105 265250
2106 265318
2107 265326
2108 265885
2109 266240
2110 266533
2111 266564
2112 266566
2113 266606
2114 266620
2115 266654
2116 266662
2117 266853
2118 266982
2119 267288
2120 267544
2121 267595
2122 267932
2123 267934
2124 268020
2125 268026
2126 268120
2127 268190
2128 268429
2129 268496
2130 268504
2131 268525
2132 268552
2133 268649
2134 268694
2135 268793
2136 268934
2137 268945
2138 269147
2139 269150
2140 269210
2141 269251
2142 269541
2143 269676
2144 269728
2145 269786
2146 269796
2147 270093
2148 270188
2149 270243
2150 270441
2151 270456
2152 270514
2153 270552
2154 271037
2155 271104
2156 271204
2157 271275
2158 271403
2159 271437
2160 271595
2161 271674
2162 271755
2163 271814
2164 271931
2165 272011
2166 272035
2167 272312
2168 272408
2169 272435
2170 272492
2171 272692
2172 273136
2173 273139
2174 273196
2175 273335
2176 273348
2177 273478
2178 273505
2179 273597
2180 273643
2181 273688
2182 273997
2183 274154
2184 274446
2185 274688
2186 274877
2187 274881
2188 275016
2189 275052
2190 275176
2191 275624
2192 275634
2193 275682
2194 275812
2195 275812
2196 276311
2197 276370
2198 276456
2199 276678
2200 276686
2201 276713
2202 276722
2203 276971
2204 277003
2205 277027
2206 277145
2207 277147
2208 277174
2209 277178
2210 277596
2211 277690
2212 277694
2213 277755
2214 277786
2215 277853
2216 278094
2217 278302
2218 278375
2219 278426
2220 278685
2221 278696
2222 278737
2223 278756
2224 278786
2225 278835
2226 278854
2227 279234
2228 279320
2229 279529
2230 279573
2231 279648
2232 279675
2233 279733
2234 279825
2235 279888
2236 279897
2237 279961
2238 280067
2239 280455
2240 280560
2241 280730
2242 281201
2243 281396
2244 281742
2245 281773
2246 281828
2247 281843
2248 281925
2249 281957
2250 281985
2251 282355
2252 282469
2253 282604
2254 282813
2255 282825
2256 282857
2257 282905
2258 283450
2259 283478
2260 283552
2261 283626
2262 283636
2263 283694
2264 283940
2265 283950
2266 284183
2267 284352
2268 285015
2269 285016
2270 285098
2271 285449
2272 285528
2273 285624
2274 285715
2275 285960
2276 286065
2277 286181
2278 286182
2279 286196
2280 286262
2281 286355
2282 286366
2283 286387
2284 286496
2285 286520
2286 286740
2287 286858
2288 287152
2289 287184
2290 287238
2291 287488
2292 287555
2293 287593
2294 287610
2295 287697
2296 288000
2297 288008
2298 288364
2299 288380
2300 288495
2301 288592
2302 288927
2303 289044
2304 289086
2305 289101
2306 289116
2307 289303
2308 289320
2309 289557
2310 289621
2311 289676
2312 289940
2313 290167
2314 290441
2315 290446
2316 290499
2317 290515
2318 290541
2319 290797
2320 291068
2321 291138
2322 291287
2323 291421
2324 291508
2325 291593
2326 291731
2327 292066
2328 292103
2329 292117
2330 292228
2331 292246
2332 292540
2333 292616
2334 292709
2335 292842
2336 292882
2337 293114
2338 293148
2339 293166
2340 293371
2341 293400
2342 293449
2343 293739
2344 293757
2345 293942
2346 294243
2347 294345
2348 294511
2349 294670
2350 294671
2351 294878
2352 295001
2353 295137
2354 295537
2355 295606
2356 295721
2357 295870
2358 295874
2359 296014
2360 296128
2361 296445
2362 296448
2363 296594
2364 296863
2365 297039
2366 297084
2367 297244
2368 297412
2369 297895
2370 297897
2371 297960
2372 298134
2373 298260
2374 298338
2375 298372
2376 298452
2377 298602
2378 298645
2379 298662
2380 298671
2381 298689
2382 299582
2383 299655
2384 299792
2385 300010
2386 300147
2387 300395
2388 300473
2389 300522
2390 300601
2391 300608
2392 300626
2393 300890
2394 300901
2395 301082
2396 301145
2397 301314
2398 301501
2399 301611
2400 301751
2401 301838
2402 301960
2403 302094
2404 302205
2405 302249
2406 302279
2407 302480
2408 302686
2409 302760
2410 303040
2411 303111
2412 303485
2413 303808
2414 303909
2415 304014
2416 304168
2417 304320
2418 304467
2419 304557
2420 304564
2421 304799
2422 305154
2423 305264
2424 305486
2425 305543
2426 305780
2427 305825
2428 306347
2429 306496
2430 306564
2431 306608
2432 306717
2433 306774
2434 306853
2435 306917
2436 306948
2437 307184
2438 307399
2439 307573
2440 307709
2441 307771
2442 307843
2443 308302
2444 308306
2445 308329
2446 308577
2447 308953
2448 308957
2449 309103
2450 309214
2451 309348
2452 309404
2453 309498
2454 309642
2455 309742
2456 309823
2457 310054
2458 310545
2459 310688
2460 310890
2461 310894
2462 311134
2463 311338
2464 311641
2465 311763
2466 311867
2467 311917
2468 312095
2469 312096
2470 312142
2471 312197
2472 312375
2473 312510
2474 312861
2475 312894
2476 312923
2477 313010
2478 313019
2479 313319
2480 313653
2481 313779
2482 313822
2483 314026
2484 314094
2485 314241
2486 314468
2487 314490
2488 314596
2489 314782
2490 314884
2491 314948
2492 315123
2493 315127
2494 315211
2495 315231
2496 315339
2497 315351
2498 315404
2499 315726
2500 315737
2501 315986
2502 316011
2503 316197
2504 316234
2505 316237
2506 316341
2507 316532
2508 316672
2509 316703
2510 316780
2511 316805
2512 316882
2513 316916
2514 317001
2515 317146
2516 317204
2517 317205
2518 317371
2519 317536
2520 317569
2521 317703
2522 317795
2523 318225
2524 318290
2525 318340
2526 318747
2527 318872
2528 318929
2529 319229
2530 320037
2531 320168
2532 320338
2533 320607
2534 320645
2535 320841
2536 321298
2537 321664
2538 321740
2539 322048
2540 322111
2541 322310
2542 322559
2543 322585
2544 322613
2545 322637
2546 322654
2547 322704
2548 322844
2549 322949
2550 322995
2551 323034
2552 323109
2553 323259
2554 323397
2555 323688
2556 323827
2557 323841
2558 323996
2559 324095
2560 324129
2561 324199
2562 324259
2563 324275
2564 324413
2565 324625
2566 324638
2567 324676
2568 324788
2569 324816
2570 324855
2571 324877
2572 325015
2573 325309
2574 325370
2575 325486
2576 325554
2577 325619
2578 325624
2579 325695
2580 325744
2581 325795
2582 325840
2583 325958
2584 326039
2585 326168
2586 326234
2587 326243
2588 326380
2589 326473
2590 326728
2591 326996
2592 327012
2593 327302
2594 327322
2595 327332
2596 327353
2597 327429
2598 327687
2599 327766
2600 327832
2601 327925
2602 327965
2603 327980
2604 327994
2605 328009
2606 328235
2607 328303
2608 328457
2609 328457
2610 328632
2611 328824
2612 328991
2613 329512
2614 329591
2615 329593
2616 329725
2617 330134
2618 330360
2619 330571
2620 330597
2621 330716
2622 330846
2623 330881
2624 331197
2625 331225
2626 331306
2627 331487
2628 331710
2629 331894
2630 332016
2631 332109
2632 332442
2633 332859
2634 332965
2635 333047
2636 333221
2637 333530
2638 333621
2639 333673
2640 333932
2641 333943
2642 333968
2643 334052
2644 334223
2645 334245
2646 334250
2647 334315
2648 334325
2649 334466
2650 334472
2651 334615
2652 334814
2653 334922
2654 334925
2655 335001
2656 335023
2657 335392
2658 335449
2659 335526
2660 335640
2661 335648
2662 335719
2663 335745
2664 335755
2665 335784
2666 336282
2667 336320
2668 336459
2669 336495
2670 336576
2671 336635
2672 336752
2673 336754
2674 336905
2675 336968
2676 336986
2677 337083
2678 337214
2679 337381
2680 337526
2681 337669
2682 337824
2683 338029
2684 338705
2685 338776
2686 338778
2687 338796
2688 338851
2689 338876
2690 338992
2691 339014
2692 339100
2693 339161
2694 339475
2695 339481
2696 339498
2697 339779
2698 339786
2699 339797
2700 339853
2701 340104
2702 340275
2703 340374
2704 340528
2705 340604
2706 340644
2707 340713
2708 340821
2709 340927
2710 341065
2711 341065
2712 341550
2713 341586
2714 341589
2715 341635
2716 341649
2717 341804
2718 341948
2719 342046
2720 342337
2721 342389
2722 342415
2723 342464
2724 342635
2725 342701
2726 342729
2727 342923
2728 342948
2729 342983
2730 342983
2731 343085
2732 343699
2733 344067
2734 344071
2735 344123
2736 344227
2737 344327
2738 344604
2739 344757
2740 344903
2741 344925
2742 344929
2743 345114
2744 345159
2745 345210
2746 345503
2747 345527
2748 345571
2749 345873
2750 345947
2751 346098
2752 346344
2753 346396
2754 346409
2755 346481
2756 346812
2757 346878
2758 346936
2759 346952
2760 347154
2761 347169
2762 347256
2763 347407
2764 347556
2765 347838
2766 348173
2767 348233
2768 348261
2769 348941
2770 349439
2771 349473
2772 349585
2773 349611
2774 350016
2775 350076
2776 350194
2777 350248
2778 350322
2779 350606
2780 350868
2781 351077
2782 351327
2783 351360
2784 351414
2785 351633
2786 351830
2787 351897
2788 352038
2789 352313
2790 352440
2791 352501
2792 352517
2793 352660
2794 352713
2795 352764
2796 352779
2797 353037
2798 353066
2799 353087
2800 353133
2801 353171
2802 353292
2803 353523
2804 353586
2805 353765
2806 353801
2807 353823
2808 353919
2809 353937
2810 354063
2811 354229
2812 354650
2813 354677
2814 354714
2815 354747
2816 354860
2817 354938
2818 355037
2819 355155
2820 355166
2821 355186
2822 355582
2823 355728
2824 356057
2825 356086
2826 356154
2827 356307
2828 356328
2829 356438
2830 356599
2831 356607
2832 356718
2833 356814
2834 356883
2835 356982
2836 357034
2837 357109
2838 357114
2839 357151
2840 357330
2841 357786
2842 357906
2843 358099
2844 358340
2845 358420
2846 358458
2847 358605
2848 358628
2849 358699
2850 358789
2851 358795
2852 358812
2853 359017
2854 359256
2855 359534
2856 359612
2857 359649
2858 359672
2859 359720
2860 359933
2861 359953
2862 360105
2863 360138
2864 360284
2865 360301
2866 360888
2867 360996
2868 361111
2869 361149
2870 361216
2871 361293
2872 362088
2873 362400
2874 362447
2875 363173
2876 363339
2877 363553
2878 363762
2879 363921
2880 363943
2881 363960
2882 364095
2883 364125
2884 364236
2885 364512
2886 364673
2887 365126
2888 365365
2889 365398
2890 365695
2891 365827
2892 365855
2893 366176
2894 366178
2895 366403
2896 366452
2897 366484
2898 366558
2899 366744
2900 367281
2901 367368
2902 367424
2903 367662
2904 367759
2905 367773
2906 367820
2907 367834
2908 367964
2909 368032
2910 368268
2911 368374
2912 368503
2913 368897
2914 368971
2915 369032
2916 369091
2917 369150
2918 369227
2919 369404
2920 369458
2921 369650
2922 369767
2923 369791
2924 369919
2925 370056
2926 370084
2927 370263
2928 370270
2929 370356
2930 370631
2931 371000
2932 371050
2933 371195
2934 371243
2935 371281
2936 371438
2937 371519
2938 371677
2939 371765
2940 371993
2941 372008
2942 372044
2943 372468
2944 372722
2945 372773
2946 372800
2947 372997
2948 373010
2949 373024
2950 373292
2951 373561
2952 373580
2953 373732
2954 373769
2955 373807
2956 374071
2957 374142
2958 374267
2959 374307
2960 374359
2961 374392
2962 374424
2963 374460
2964 374510
2965 374613
2966 374750
2967 374970
2968 375041
2969 375059
2970 375153
2971 375159
2972 375198
2973 375338
2974 375457
2975 375577
2976 375710
2977 375753
2978 375980
2979 376012
2980 376017
2981 376067
2982 376209
2983 376244
2984 376289
2985 376321
2986 376758
2987 377087
2988 377152
2989 377187
2990 377202
2991 377325
2992 377493
2993 377551
2994 377674
2995 377795
2996 377831
2997 377875
2998 378127
2999 378397
3000 378408
3001 378529
3002 378653
3003 379036
3004 379218
3005 379266
3006 379276
3007 379479
3008 379499
3009 379569
3010 379822
3011 380022
3012 380102
3013 380135
3014 380171
3015 380211
3016 380226
3017 380392
3018 380439
3019 380565
3020 380599
3021 380739
3022 380898
3023 380939
3024 380984
3025 380987
3026 381747
3027 381866
3028 381966
3029 382121
3030 382193
3031 382262
3032 382456
3033 382533
3034 382540
3035 382616
3036 382765
3037 382815
3038 382925
3039 382950
3040 383165
3041 383255
3042 383261
3043 383278
3044 383446
3045 383456
3046 383465
3047 383747
3048 383806
3049 383869
3050 384197
3051 384202
3052 384213
3053 384224
3054 384258
3055 384271
3056 384631
3057 385092
3058 385221
3059 385494
3060 385507
3061 386005
3062 386229
3063 386285
3064 386363
3065 386469
3066 386482
3067 386518
3068 386845
3069 386853
3070 387040
3071 387155
3072 387174
3073 387380
3074 387591
3075 387928
3076 388073
3077 388135
3078 388672
3079 388772
3080 388958
3081 389046
3082 389059
3083 389064
3084 389082
3085 389103
3086 389196
3087 389275
3088 389429
3089 389580
3090 389730
3091 389803
3092 390319
3093 390435
3094 390446
3095 390464
3096 390494
3097 390598
3098 390635
3099 390767
3100 390825
3101 390904
3102 390962
3103 391077
3104 391146
3105 391234
3106 391286
3107 391298
3108 391509
3109 391629
3110 391641
3111 391707
3112 391806
3113 391825
3114 391833
3115 391873
3116 391985
3117 391992
3118 392005
3119 392094
3120 392570
3121 392995
3122 393281
3123 393342
3124 393392
3125 393584
3126 393673
3127 393740
3128 393903
3129 393911
3130 393972
3131 394063
3132 394090
3133 394221
3134 394833
3135 394922
3136 395003
3137 395235
3138 395316
3139 395498
3140 395629
3141 395808
3142 395813
3143 395879
3144 396189
3145 396221
3146 396240
3147 396309
3148 396337
3149 396400
3150 396415
3151 396673
3152 396748
3153 396943
3154 396981
3155 397021
3156 397071
3157 397347
3158 397733
3159 397975
3160 398020
3161 398122
3162 398604
3163 398634
3164 398690
3165 398842
3166 399028
3167 399098
3168 399367
3169 399391
3170 399501
3171 399590
3172 399659
3173 399733
3174 399967
3175 400015
3176 400078
3177 400383
3178 400427
3179 400440
3180 400471
3181 400676
3182 400827
3183 401006
3184 401201
3185 401224
3186 401255
3187 401534
3188 401858
3189 401910
3190 401943
3191 401944
3192 402053
3193 402125
3194 402149
3195 402445
3196 402579
3197 402781
3198 403351
3199 403416
3200 403558
3201 403888
3202 404068
3203 404284
3204 404356
3205 404514
3206 404604
3207 404711
3208 404736
3209 404960
3210 404972
3211 405148
3212 405241
3213 405577
3214 405638
3215 405739
3216 405996
3217 406055
3218 406239
3219 406244
3220 406487
3221 406611
3222 406629
3223 406634
3224 406654
3225 406876
3226 407004
3227 407077
3228 407184
3229 407206
3230 407290
3231 407302
3232 407497
3233 407557
3234 407583
3235 407604
3236 407731
3237 408194
3238 408201
3239 408322
3240 408357
3241 408509
3242 408587
3243 408600
3244 408626
3245 408663
3246 408837
3247 409100
3248 409136
3249 409268
3250 409387
3251 409408
3252 409642
3253 409724
3254 409746
3255 409882
3256 409955
3257 410029
3258 410111
3259 410113
3260 410289
3261 410458
3262 410478
3263 410485
3264 410487
3265 410513
3266 410514
3267 410597
3268 410700
3269 410942
3270 411095
3271 411160
3272 411218
3273 411355
3274 411451
3275 412124
3276 412348
3277 412393
3278 412475
3279 412477
3280 412586
3281 412748
3282 412799
3283 412840
3284 413279
3285 413356
3286 413382
3287 413407
3288 413513
3289 413634
3290 413643
3291 413726
3292 413804
3293 413906
3294 413944
3295 413994
3296 414047
3297 414092
3298 414193
3299 414339
3300 414567
3301 414694
3302 414768
3303 414847
3304 415039
3305 415044
3306 415091
3307 415160
3308 415233
3309 415306
3310 415317
3311 415388
3312 415662
3313 415771
3314 415777
3315 415784
3316 416101
3317 416459
3318 416615
3319 416910
3320 416950
3321 417124
3322 417370
3323 417440
3324 417561
3325 417669
3326 417686
3327 417692
3328 417800
3329 417895
3330 418063
3331 418081
3332 418241
3333 418325
3334 418333
3335 418339
3336 418597
3337 418655
3338 418712
3339 418843
3340 418867
3341 418870
3342 418892
3343 418895
3344 419139
3345 419323
3346 419447
3347 419606
3348 419905
3349 419964
3350 419999
3351 420061
3352 420117
3353 420418
3354 420424
3355 420799
3356 420843
3357 421113
3358 421246
3359 421365
3360 421432
3361 421487
3362 422074
3363 422493
3364 422528
3365 422578
3366 423150
3367 423207
3368 423251
3369 423333
3370 423350
3371 423527
3372 423568
3373 423625
3374 423735
3375 423777
3376 423990
3377 424366
3378 424408
3379 424487
3380 424506
3381 424734
3382 425098
3383 425121
3384 425149
3385 425249
3386 425304
3387 425519
3388 425606
3389 425905
3390 426082
3391 426109
3392 426232
3393 426250
3394 426382
3395 426517
3396 426591
3397 426624
3398 426770
3399 426808
3400 426867
3401 427044
3402 427108
3403 427126
3404 427600
3405 427627
3406 427744
3407 427754
3408 427911
3409 427946
3410 428033
3411 428234
3412 428273
3413 428334
3414 428422
3415 428635
3416 428912
3417 429053
3418 429386
3419 429403
3420 429578
3421 429918
3422 429996
3423 430065
3424 430088
3425 430113
3426 430116
3427 430157
3428 430252
3429 430259
3430 430348
3431 430820
3432 431175
3433 431639
3434 432260
3435 432356
3436 432498
3437 432620
3438 432811
3439 432847
3440 432936
3441 433017
3442 433042
3443 433206
3444 433412
3445 433430
3446 433760
3447 434037
3448 434084
3449 434224
3450 434249
3451 434361
3452 434442
3453 434470
3454 434617
3455 434631
3456 434671
3457 434675
3458 434716
3459 434884
3460 434989
3461 435032
3462 435066
3463 435141
3464 435347
3465 435410
3466 435481
3467 435489
3468 435588
3469 435730
3470 435825
3471 435938
3472 436343
3473 436539
3474 436550
3475 436677
3476 436820
3477 436915
3478 436971
3479 437121
3480 437177
3481 437186
3482 437368
3483 437393
3484 437502
3485 437802
3486 438218
3487 438284
3488 438402
3489 438406
3490 438541
3491 438592
3492 438757
3493 438957
3494 438970
3495 439292
3496 439348
3497 439420
3498 439459
3499 439636
3500 439882
3501 440054
3502 440079
3503 440375
3504 440386
3505 440510
3506 440717
3507 440831
3508 441073
3509 441080
3510 441156
3511 441182
3512 441224
3513 441473
3514 441537
3515 441657
3516 441853
3517 441879
3518 441880
3519 441980
3520 442133
3521 442201
3522 442225
3523 442380
3524 442456
3525 442830
3526 442882
3527 443078
3528 443106
3529 443173
3530 443217
3531 443246
3532 443573
3533 443582
3534 443672
3535 444213
3536 444291
3537 444451
3538 444491
3539 444723
3540 445007
3541 445095
3542 445121
3543 445123
3544 445209
3545 445400
3546 445400
3547 445453
3548 445527
3549 445756
3550 445840
3551 445975
3552 446062
3553 446201
3554 446249
3555 446303
3556 446338
3557 446357
3558 446532
3559 446578
3560 446702
3561 446744
3562 446759
3563 446797
3564 446927
3565 447029
3566 447506
3567 447834
3568 447894
3569 447917
3570 447919
3571 447971
3572 448393
3573 448435
3574 448674
3575 448708
3576 448779
3577 448804
3578 448905
3579 448948
3580 448953
3581 449076
3582 449088
3583 449149
3584 449233
3585 449479
3586 449705
3587 450008
3588 450095
3589 450107
3590 450513
3591 450587
3592 451021
3593 451057
3594 451132
3595 451325
3596 451502
3597 451593
3598 451841
3599 451852
3600 451946
3601 452207
3602 452331
3603 452439
3604 452542
3605 452762
3606 452893
3607 452932
3608 452950
3609 452987
3610 453053
3611 453136
3612 453139
3613 453256
3614 453396
3615 453456
3616 453471
3617 453661
3618 453724
3619 453743
3620 453846
3621 453880
3622 453964
3623 454271
3624 454482
3625 454574
3626 454632
3627 454650
3628 454814
3629 454816
3630 454899
3631 455106
3632 455483
3633 455501
3634 455565
3635 455620
3636 455685
3637 455950
3638 456017
3639 456103
3640 456136
3641 456244
3642 456337
3643 456369
3644 456376
3645 456451
3646 456464
3647 456759
3648 456767
3649 456770
3650 456899
3651 456946
3652 457137
3653 457137
3654 457162
3655 457185
3656 457435
3657 457537
3658 457638
3659 457712
3660 457754
3661 457982
3662 458049
3663 458062
3664 458098
3665 458195
3666 458251
3667 458485
3668 458624
3669 458683
3670 458882
3671 458926
3672 459359
3673 459477
3674 459637
3675 459854
3676 459965
3677 460355
3678 460617
3679 460667
3680 461150
3681 461741
3682 461811
3683 461821
3684 461839
3685 462205
3686 462365
3687 462370
3688 462516
3689 462704
3690 463025
3691 463056
3692 463373
3693 463586
3694 463652
3695 463759
3696 463811
3697 463822
3698 463828
3699 464194
3700 464290
3701 464364
3702 464571
3703 464647
3704 464692
3705 465020
3706 465053
3707 465243
3708 465416
3709 465498
3710 465571
3711 465658
3712 465930
3713 466021
3714 466601
3715 466604
3716 466637
3717 466713
3718 467023
3719 467096
3720 467195
3721 467325
3722 467494
3723 468069
3724 468104
3725 468195
3726 468247
3727 468276
3728 468357
3729 468415
3730 468527
3731 468578
3732 468605
3733 468655
3734 468730
3735 469069
3736 469143
3737 469190
3738 469310
3739 469400
3740 469415
3741 469432
3742 469599
3743 469626
3744 469858
3745 469986
3746 470068
3747 470304
3748 470520
3749 470531
3750 470689
3751 470993
3752 471014
3753 471271
3754 471469
3755 471661
3756 471705
3757 471836
3758 471975
3759 472014
3760 472016
3761 472221
3762 472249
3763 472331
3764 472482
3765 472647
3766 472707
3767 472879
3768 473095
3769 473432
3770 473445
3771 473543
3772 473604
3773 473683
3774 474050
3775 474219
3776 474378
3777 474855
3778 474994
3779 475144
3780 475242
3781 475368
3782 475525
3783 475646
3784 476024
3785 476281
3786 476413
3787 476630
3788 476679
3789 476721
3790 476851
3791 476949
3792 476988
3793 477003
3794 477051
3795 477242
3796 477291
3797 477325
3798 477369
3799 477384
3800 477497
3801 477612
3802 477627
3803 477645
3804 477703
3805 477827
3806 477828
3807 478360
3808 478508
3809 478543
3810 478689
3811 478889
3812 478915
3813 479002
3814 479188
3815 479256
3816 479342
3817 479509
3818 479593
3819 479594
3820 479619
3821 479745
3822 479877
3823 479991
3824 480046
3825 480269
3826 480271
3827 480295
3828 480329
3829 480568
3830 480757
3831 480821
3832 480957
3833 481079
3834 481179
3835 481362
3836 481531
3837 481792
3838 481991
3839 482092
3840 482095
3841 482111
3842 482433
3843 482544
3844 482570
3845 482610
3846 482702
3847 482908
3848 482981
3849 482990
3850 483086
3851 483248
3852 483302
3853 483490
3854 483509
3855 483696
3856 483794
3857 483832
3858 484071
3859 484234
3860 484491
3861 484498
3862 484542
3863 484749
3864 484882
3865 484901
3866 485076
3867 485092
3868 485208
3869 485378
3870 485721
3871 485813
3872 485917
3873 485935
3874 485959
3875 486154
3876 486186
3877 486281
3878 486540
3879 486546
3880 486555
3881 486688
3882 487426
3883 487756
3884 487871
3885 487892
3886 487986
3887 488255
3888 488361
3889 488383
3890 488478
3891 488587
3892 488609
3893 488784
3894 488792
3895 488837
3896 488868
3897 488876
3898 489196
3899 489335
3900 489421
3901 489619
3902 489636
3903 489891
3904 490064
3905 490234
3906 490295
3907 490325
3908 490377
3909 490568
3910 490576
3911 490624
3912 490657
3913 490917
3914 491002
3915 491062
3916 491110
3917 491115
3918 491220
3919 491386
3920 491778
3921 491837
3922 492166
3923 492232
3924 492238
3925 492355
3926 492420
3927 492747
3928 492758
3929 492849
3930 493206
3931 493236
3932 493380
3933 493508
3934 493529
3935 493544
3936 493982
3937 493985
3938 493992
3939 494235
3940 494293
3941 494554
3942 494861
3943 495054
3944 495498
3945 495610
3946 495637
3947 495871
3948 495989
3949 496083
3950 496208
3951 496212
3952 496280
3953 496414
3954 496532
3955 496556
3956 496588
3957 496678
3958 496678
3959 496688
3960 496804
3961 496959
3962 497038
3963 497056
3964 497135
3965 497195
3966 497571
3967 497854
3968 497878
3969 497941
3970 498040
3971 498435
3972 498450
3973 498879
3974 498970
3975 499141
3976 499220
3977 499611
3978 499814
3979 499888
3980 500018
3981 500067
3982 500106
3983 500238
3984 500240
3985 500484
3986 500750
3987 500927
3988 501104
3989 501106
3990 501146
3991 501188
3992 501305
3993 501389
3994 501409
3995 501469
3996 501566
3997 501567
3998 501618
3999 501648
4000 501656
4001 501758
4002 501762
4003 501790
4004 501959
4005 501999
4006 502413
4007 502672
4008 502684
4009 502685
4010 502896
4011 503040
4012 503051
4013 503139
4014 503273
4015 503417
4016 503484
4017 503663
4018 503737
4019 503789
4020 504000
4021 504119
4022 504336
4023 504729
4024 504800
4025 504904
4026 504987
4027 505163
4028 505221
4029 505275
4030 505381
4031 505434
4032 505523
4033 505576
4034 505956
4035 506049
4036 506602
4037 506702
4038 506765
4039 506985
4040 507643
4041 507754
4042 507978
4043 508003
4044 508007
4045 508064
4046 508146
4047 508506
4048 508568
4049 508677
4050 508929
4051 508986
4052 509060
4053 509125
4054 509270
4055 509450
4056 509674
4057 509802
4058 510105
4059 510314
4060 510386
4061 510934
4062 511324
4063 511652
4064 511659
4065 511822
4066 511874
4067 511937
4068 511947
4069 511968
4070 512057
4071 512221
4072 512647
4073 512664
4074 512954
4075 513232
4076 513420
4077 513715
4078 513958
4079 514303
4080 514410
4081 514555
4082 514663
4083 514873
4084 514875
4085 515067
4086 515135
4087 515180
4088 515637
4089 515692
4090 515883
4091 516032
4092 516075
4093 516356
4094 516438
4095 516659
4096 516723
4097 516833
4098 516944
4099 517125
4100 517164
4101 517193
4102 517256
4103 517390
4104 517697
4105 517699
4106 517754
4107 517981
4108 518037
4109 518107
4110 518183
4111 518253
4112 518404
4113 518418
4114 518502
4115 518738
4116 519068
4117 519360
4118 519437
4119 519496
4120 519527
4121 519542
4122 519678
4123 519729
4124 519954
4125 520054
4126 520240
4127 520249
4128 520288
4129 520439
4130 520464
4131 520466
4132 520498
4133 520564
4134 520679
4135 520797
4136 520953
4137 521058
4138 521202
4139 521515
4140 521526
4141 521534
4142 521537
4143 521639
4144 521879
4145 521910
4146 521953
4147 522125
4148 522129
4149 522211
4150 522723
4151 522775
4152 522840
4153 522999
4154 523208
4155 523260
4156 523364
4157 523435
4158 523489
4159 523624
4160 523628
4161 523655
4162 524228
4163 524383
4164 524622
4165 524692
4166 524796
4167 524856
4168 524865
4169 524871
4170 525259
4171 525290
4172 525325
4173 525481
4174 525575
4175 525594
4176 525700
4177 525756
4178 525821
4179 525915
4180 525920
4181 525921
4182 525934
4183 525967
4184 526160
4185 526392
4186 526458
4187 526487
4188 526784
4189 527015
4190 527020
4191 527270
4192 527310
4193 527387
4194 527440
4195 527710
4196 527761
4197 527848
4198 527986
4199 527993
4200 528082
4201 528162
4202 528201
4203 528683
4204 528705
4205 528756
4206 528763
4207 529295
4208 529378
4209 529468
4210 529682
4211 529774
4212 529790
4213 529818
4214 529873
4215 529908
4216 529982
4217 529991
4218 530021
4219 530113
4220 530135
4221 530466
4222 530588
4223 530733
4224 530864
4225 531121
4226 531174
4227 531209
4228 531223
4229 531330
4230 531462
4231 531699
4232 531730
4233 532014
4234 532211
4235 532289
4236 532299
4237 532467
4238 532478
4239 532486
4240 532488
4241 532829
4242 532984
4243 533300
4244 533321
4245 533324
4246 533352
4247 533367
4248 533429
4249 533742
4250 533752
4251 533844
4252 533941
4253 534331
4254 534370
4255 534402
4256 534838
4257 534878
4258 535148
4259 535193
4260 535306
4261 535343
4262 535344
4263 535445
4264 535489
4265 535532
4266 535674
4267 535823
4268 535836
4269 536000
4270 536281
4271 536425
4272 536460
4273 536620
4274 536761
4275 536993
4276 537072
4277 537133
4278 537148
4279 537163
4280 537377
4281 537407
4282 537500
4283 537718
4284 537902
4285 537987
4286 538224
4287 538276
4288 538500
4289 538574
4290 538582
4291 538714
4292 538731
4293 538776
4294 538942
4295 539216
4296 539326
4297 539393
4298 539482
4299 539533
4300 539626
4301 539870
4302 539957
4303 539964
4304 540007
4305 540200
4306 540200
4307 540247
4308 540513
4309 540533
4310 540553
4311 540643
4312 540781
4313 540802
4314 540943
4315 541012
4316 541247
4317 541391
4318 541403
4319 541434
4320 541500
4321 541670
4322 541766
4323 541891
4324 541896
4325 542014
4326 542056
4327 542559
4328 542571
4329 542580
4330 542750
4331 542889
4332 542889
4333 542933
4334 543010
4335 543102
4336 543273
4337 543289
4338 543346
4339 543409
4340 543558
4341 543576
4342 543646
4343 543745
4344 543759
4345 543840
4346 543935
4347 543950
4348 544019
4349 544025
4350 544151
4351 544405
4352 544444
4353 544533
4354 544537
4355 544537
4356 544674
4357 544877
4358 544997
4359 545014
4360 545244
4361 545376
4362 545393
4363 545527
4364 545647
4365 545653
4366 545707
4367 545883
4368 546010
4369 546121
4370 546143
4371 546545
4372 546625
4373 546650
4374 546898
4375 546913
4376 547174
4377 547257
4378 547442
4379 547558
4380 547611
4381 547818
4382 547827
4383 547941
4384 548059
4385 548116
4386 548132
4387 548346
4388 548566
4389 548708
4390 548722
4391 548777
4392 548917
4393 548950
4394 549224
4395 549289
4396 549501
4397 549532
4398 549599
4399 549792
4400 549876
4401 549979
4402 550003
4403 550065
4404 550075
4405 550106
4406 550239
4407 550242
4408 550427
4409 550495
4410 550615
4411 550755
4412 550837
4413 550846
4414 550954
4415 551030
4416 551073
4417 551176
4418 551214
4419 551333
4420 551404
4421 551478
4422 551487
4423 551580
4424 551662
4425 551973
4426 552230
4427 552360
4428 552485
4429 552500
4430 552756
4431 552816
4432 553012
4433 553039
4434 553106
4435 553247
4436 553352
4437 553412
4438 553423
4439 553492
4440 553636
4441 553720
4442 554063
4443 554083
4444 554344
4445 554488
4446 554619
4447 554685
4448 554899
4449 554937
4450 555041
4451 555089
4452 555095
4453 555150
4454 555232
4455 555266
4456 555361
4457 555436
4458 555605
4459 555645
4460 555745
4461 556221
4462 556366
4463 556531
4464 556615
4465 556615
4466 557463
4467 557651
4468 557943
4469 558443
4470 558467
4471 558542
4472 558692
4473 558695
4474 559200
4475 559212
4476 559259
4477 559327
4478 559431
4479 559459
4480 559636
4481 559662
4482 559800
4483 559933
4484 560053
4485 560100
4486 560199
4487 560226
4488 560275
4489 560417
4490 560603
4491 560620
4492 560646
4493 560798
4494 561194
4495 561201
4496 561423
4497 561500
4498 561545
4499 561565
4500 561705
4501 561779
4502 561889
4503 562162
4504 562186
4505 562227
4506 562267
4507 562442
4508 562476
4509 562493
4510 562528
4511 562555
4512 562620
4513 562802
4514 562907
4515 563066
4516 563116
4517 563460
4518 563475
4519 563603
4520 563608
4521 563875
4522 563919
4523 563933
4524 563941
4525 563948
4526 564045
4527 564122
4528 564130
4529 564189
4530 564215
4531 564326
4532 564777
4533 564852
4534 564921
4535 564961
4536 565120
4537 565355
4538 565740
4539 565872
4540 565913
4541 566003
4542 566059
4543 566134
4544 566171
4545 566222
4546 566244
4547 566306
4548 566404
4549 566857
4550 566859
4551 566926
4552 567128
4553 567175
4554 567467
4555 567473
4556 567475
4557 567528
4558 567569
4559 567603
4560 567610
4561 567615
4562 567845
4563 567847
4564 567935
4565 567958
4566 567968
4567 568029
4568 568502
4569 568667
4570 568753
4571 568788
4572 569223
4573 569276
4574 569441
4575 569489
4576 569574
4577 569634
4578 569726
4579 569821
4580 569947
4581 569955
4582 570067
4583 570124
4584 570150
4585 570352
4586 570371
4587 570523
4588 570599
4589 570905
4590 570907
4591 570988
4592 571127
4593 571270
4594 571308
4595 571417
4596 571642
4597 571821
4598 571832
4599 571889
4600 572062
4601 572160
4602 572191
4603 572220
4604 572233
4605 572363
4606 572456
4607 572544
4608 572584
4609 573073
4610 573360
4611 573378
4612 573441
4613 573532
4614 573724
4615 573777
4616 573936
4617 574017
4618 574247
4619 574292
4620 574322
4621 574347
4622 574451
4623 574499
4624 574520
4625 574565
4626 574630
4627 574702
4628 574755
4629 574795
4630 574876
4631 574969
4632 575123
4633 575382
4634 575638
4635 575661
4636 576036
4637 576100
4638 576171
4639 576483
4640 576542
4641 576568
4642 576600
4643 576631
4644 576718
4645 577083
4646 577128
4647 577508
4648 577616
4649 578142
4650 578148
4651 578305
4652 578492
4653 578564
4654 578641
4655 579179
4656 579222
4657 579443
4658 579502
4659 579599
4660 579624
4661 579817
4662 579832
4663 579856
4664 579862
4665 580317
4666 580428
4667 580509
4668 580636
4669 580669
4670 580806
4671 580816
4672 580956
4673 580995
4674 581153
4675 581191
4676 581525
4677 581624
4678 581689
4679 581801
4680 581997
4681 582055
4682 582132
4683 582390
4684 582502
4685 582503
4686 582578
4687 582627
4688 582629
4689 582786
4690 582906
4691 582996
4692 583046
4693 583074
4694 583182
4695 583314
4696 583378
4697 583383
4698 583467
4699 583606
4700 583775
4701 583853
4702 583921
4703 583980
4704 584056
4705 584143
4706 584356
4707 584414
4708 584480
4709 584740
4710 585153
4711 585188
4712 585214
4713 585343
4714 585455
4715 585483
4716 585696
4717 585740
4718 585905
4719 585960
4720 586068
4721 586171
4722 586200
4723 586237
4724 586241
4725 586330
4726 586331
4727 586700
4728 586727
4729 586746
4730 586836
4731 587411
4732 587871
4733 587930
4734 588158
4735 588170
4736 588215
4737 588219
4738 588377
4739 588435
4740 588618
4741 589232
4742 589256
4743 589398
4744 589627
4745 589739
4746 589803
4747 589806
4748 589888
4749 589921
4750 590137
4751 590318
4752 590748
4753 591149
4754 591255
4755 591313
4756 591507
4757 591546
4758 591554
4759 591978
4760 592357
4761 592395
4762 592404
4763 592444
4764 592573
4765 592582
4766 592681
4767 592732
4768 592754
4769 593146
4770 593195
4771 593458
4772 593516
4773 593577
4774 593581
4775 593617
4776 593644
4777 593758
4778 593835
4779 593837
4780 594178
4781 594202
4782 594274
4783 594389
4784 594422
4785 594555
4786 594793
4787 594854
4788 594889
4789 594955
4790 594973
4791 595084
4792 595139
4793 595168
4794 595322
4795 595616
4796 596185
4797 596249
4798 596617
4799 596876
4800 596919
4801 596965
4802 597055
4803 597131
4804 597147
4805 597341
4806 597420
4807 597498
4808 597519
4809 597662
4810 597809
4811 597878
4812 598409
4813 598464
4814 598828
4815 598846
4816 598869
4817 598879
4818 599022
4819 599187
4820 599211
4821 599288
4822 599415
4823 599579
4824 599723
4825 599784
4826 599791
4827 599799
4828 600054
4829 600098
4830 600100
4831 600109
4832 600199
4833 600343
4834 600470
4835 600530
4836 600601
4837 600702
4838 600735
4839 600891
4840 601103
4841 601210
4842 601274
4843 601317
4844 601378
4845 601776
4846 602162
4847 602300
4848 602882
4849 603317
4850 603330
4851 603364
4852 603498
4853 603547
4854 603556
4855 603654
4856 603738
4857 603843
4858 604007
4859 604139
4860 604325
4861 604375
4862 604414
4863 604425
4864 604533
4865 604552
4866 604634
4867 604833
4868 604868
4869 604927
4870 605105
4871 605143
4872 605209
4873 605212
4874 605304
4875 605316
4876 605344
4877 605434
4878 605937
4879 605994
4880 606585
4881 606705
4882 606863
4883 606965
4884 607100
4885 607106
4886 607121
4887 607193
4888 607608
4889 607665
4890 607680
4891 607810
4892 608040
4893 608108
4894 608166
4895 608208
4896 608271
4897 608399
4898 608438
4899 608563
4900 608611
4901 608694
4902 608757
4903 608887
4904 609031
4905 609368
4906 609452
4907 609516
4908 609663
4909 609699
4910 610246
4911 610249
4912 610356
4913 610422
4914 610640
4915 610701
4916 610707
4917 610721
4918 610723
4919 610777
4920 611053
4921 611205
4922 611523
4923 611643
4924 611762
4925 612130
4926 612160
4927 612203
4928 612237
4929 612353
4930 612538
4931 612568
4932 612621
4933 612752
4934 612936
4935 613113
4936 613239
4937 613294
4938 613390
4939 613402
4940 613429
4941 613442
4942 613452
4943 613521
4944 613588
4945 613861
4946 613898
4947 613905
4948 614065
4949 614240
4950 614245
4951 614256
4952 614356
4953 614371
4954 614420
4955 614426
4956 614476
4957 614672
4958 614906
4959 615016
4960 615123
4961 615295
4962 615394
4963 615468
4964 615680
4965 615691
4966 615707
4967 615944
4968 616181
4969 616232
4970 616302
4971 616319
4972 616797
4973 616875
4974 617012
4975 617060
4976 617171
4977 617508
4978 617679
4979 617689
4980 617852
4981 618166
4982 618169
4983 618232
4984 618276
4985 618542
4986 618668
4987 619237
4988 619324
4989 619356
4990 619371
4991 619509
4992 619838
4993 619859
4994 619967
4995 620244
4996 620636
4997 620725
4998 620727
4999 620774
5000 620841
5001 620884
5002 621022
5003 621213
5004 621513
5005 621556
5006 621762
5007 621814
5008 621816
5009 621940
5010 622073
5011 622134
5012 622210
5013 622230
5014 622299
5015 622343
5016 622588
5017 622631
5018 622695
5019 623051
5020 623068
5021 623132
5022 623290
5023 623446
5024 623676
5025 623681
5026 623778
5027 623842
5028 623957
5029 624184
5030 624568
5031 624792
5032 624844
5033 624948
5034 624965
5035 625013
5036 625016
5037 625086
5038 625129
5039 625148
5040 625216
5041 625365
5042 625826
5043 625862
5044 625880
5045 626091
5046 626106
5047 626272
5048 626386
5049 626477
5050 626483
5051 626533
5052 626712
5053 627035
5054 627054
5055 627123
5056 627192
5057 627464
5058 627552
5059 627747
5060 627925
5061 628037
5062 628188
5063 628265
5064 628335
5065 628420
5066 628473
5067 628591
5068 629009
5069 629101
5070 629119
5071 629168
5072 629235
5073 629326
5074 629553
5075 629630
5076 629634
5077 629725
5078 629821
5079 629836
5080 629847
5081 629870
5082 629904
5083 629936
5084 630113
5085 630306
5086 630497
5087 630520
5088 630670
5089 630895
5090 630942
5091 630990
5092 631032
5093 631141
5094 631197
5095 631389
5096 631417
5097 631672
5098 631792
5099 631945
5100 632066
5101 632261
5102 632367
5103 632369
5104 632458
5105 632760
5106 632797
5107 632981
5108 633160
5109 633233
5110 633268
5111 633309
5112 633494
5113 633795
5114 633895
5115 633904
5116 634193
5117 634265
5118 634317
5119 634354
5120 634382
5121 634507
5122 634746
5123 634898
5124 634959
5125 634971
5126 635075
5127 635230
5128 635400
5129 635403
5130 635414
5131 635481
5132 635658
5133 635712
5134 635844
5135 635874
5136 635945
5137 635975
5138 636065
5139 636103
5140 636349
5141 636351
5142 636371
5143 636485
5144 636548
5145 636663
5146 636694
5147 636823
5148 637015
5149 637112
5150 637373
5151 637378
5152 637475
5153 637478
5154 637545
5155 637684
5156 637702
5157 637722
5158 638029
5159 638055
5160 638080
5161 638127
5162 638157
5163 638240
5164 638322
5165 638414
5166 638482
5167 638738
5168 639028
5169 639162
5170 639202
5171 639281
5172 639303
5173 639367
5174 639568
5175 639583
5176 639678
5177 640088
5178 640163
5179 640197
5180 640404
5181 640520
5182 640801
5183 640970
5184 641176
5185 641192
5186 641338
5187 641486
5188 641543
5189 641551
5190 641731
5191 641807
5192 641871
5193 641974
5194 642060
5195 642145
5196 642410
5197 642575
5198 642684
5199 642766
5200 642820
5201 642892
5202 642931
5203 643026
5204 643054
5205 643061
5206 643207
5207 643318
5208 643507
5209 643760
5210 643859
5211 644195
5212 644278
5213 644364
5214 644639
5215 644895
5216 645335
5217 645365
5218 645389
5219 645604
5220 645667
5221 645777
5222 646379
5223 646387
5224 646456
5225 646619
5226 646632
5227 646675
5228 646686
5229 646958
5230 647046
5231 647316
5232 647494
5233 647498
5234 647651
5235 647769
5236 647855
5237 648412
5238 648483
5239 648576
5240 648627
5241 649425
5242 649443
5243 649528
5244 649712
5245 650026
5246 650153
5247 650154
5248 650197
5249 650308
5250 650460
5251 650710
5252 650751
5253 650754
5254 650758
5255 650884
5256 650994
5257 651093
5258 651144
5259 651191
5260 651199
5261 651201
5262 651272
5263 651426
5264 651539
5265 651628
5266 651901
5267 651950
5268 651973
5269 652253
5270 652532
5271 652688
5272 652818
5273 652819
5274 653058
5275 653114
5276 653237
5277 653254
5278 653325
5279 653524
5280 653601
5281 653684
5282 653972
5283 653982
5284 654080
5285 654082
5286 654174
5287 654387
5288 654422
5289 654655
5290 654660
5291 654739
5292 654786
5293 654815
5294 655535
5295 655646
5296 655648
5297 655675
5298 655676
5299 655706
5300 655758
5301 655846
5302 655980
5303 656009
5304 656119
5305 656167
5306 656440
5307 656447
5308 656489
5309 656715
5310 656913
5311 657027
5312 657225
5313 657276
5314 657299
5315 657348
5316 657392
5317 657453
5318 657564
5319 657569
5320 657629
5321 658169
5322 658250
5323 658272
5324 658367
5325 658624
5326 658772
5327 658856
5328 658918
5329 658937
5330 659103
5331 659124
5332 659230
5333 659288
5334 659401
5335 659413
5336 659444
5337 659646
5338 659767
5339 659855
5340 659983
5341 660060
5342 660125
5343 660221
5344 660790
5345 660898
5346 660916
5347 661089
5348 661191
5349 661228
5350 661451
5351 661492
5352 661538
5353 661735
5354 661749
5355 661782
5356 662050
5357 662310
5358 662322
5359 662583
5360 662858
5361 662868
5362 663009
5363 663099
5364 663102
5365 663115
5366 663128
5367 663306
5368 663689
5369 663692
5370 663728
5371 664011
5372 664071
5373 664164
5374 664517
5375 664612
5376 664668
5377 664938
5378 665107
5379 665202
5380 665427
5381 665605
5382 665684
5383 665827
5384 666103
5385 666109
5386 666234
5387 666248
5388 666391
5389 666431
5390 666806
5391 666812
5392 666826
5393 666838
5394 666897
5395 667142
5396 667144
5397 667147
5398 667182
5399 667193
5400 667245
5401 667328
5402 667447
5403 667474
5404 667567
5405 667590
5406 667754
5407 667930
5408 668133
5409 668217
5410 668224
5411 668255
5412 668413
5413 668619
5414 668660
5415 668683
5416 668770
5417 668844
5418 668877
5419 669627
5420 669701
5421 670072
5422 670080
5423 670136
5424 670185
5425 670189
5426 670209
5427 670622
5428 670671
5429 670840
5430 670907
5431 671120
5432 671162
5433 671284
5434 671371
5435 671428
5436 671450
5437 671454
5438 671472
5439 671643
5440 671873
5441 671902
5442 672093
5443 672130
5444 672137
5445 672266
5446 672309
5447 672309
5448 672572
5449 672631
5450 672848
5451 672869
5452 673020
5453 673564
5454 673919
5455 674043
5456 674150
5457 674460
5458 674570
5459 674695
5460 674731
5461 674806
5462 674893
5463 675496
5464 675497
5465 675577
5466 675629
5467 675659
5468 675856
5469 675923
5470 676109
5471 676151
5472 676181
5473 676187
5474 676293
5475 676326
5476 676429
5477 676429
5478 676452
5479 676580
5480 676596
5481 676761
5482 676791
5483 676863
5484 676896
5485 676965
5486 677008
5487 677112
5488 677218
5489 677224
5490 677435
5491 677468
5492 677626
5493 677639
5494 677664
5495 677707
5496 678099
5497 678426
5498 678502
5499 678642
5500 678832
5501 678881
5502 679296
5503 679347
5504 679351
5505 679401
5506 679559
5507 679570
5508 679585
5509 679840
5510 679929
5511 680230
5512 680244
5513 680483
5514 680655
5515 680656
5516 680698
5517 681014
5518 681237
5519 681361
5520 681410
5521 681479
5522 681519
5523 681647
5524 681798
5525 681843
5526 681908
5527 681966
5528 682025
5529 682126
5530 682166
5531 682187
5532 682200
5533 682237
5534 682542
5535 682664
5536 682688
5537 682721
5538 682805
5539 682807
5540 682864
5541 682979
5542 683165
5543 683208
5544 683211
5545 683284
5546 683325
5547 683515
5548 683590
5549 683777
5550 683782
5551 683809
5552 683903
5553 683925
5554 683989
5555 684088
5556 684113
5557 684240
5558 684381
5559 684414
5560 684434
5561 684709
5562 684820
5563 684866
5564 685038
5565 685149
5566 685407
5567 685514
5568 685874
5569 685924
5570 685988
5571 685991
5572 686177
5573 686498
5574 686550
5575 686624
5576 686626
5577 686695
5578 687084
5579 687625
5580 687626
5581 687784
5582 688262
5583 688356
5584 688371
5585 688428
5586 688435
5587 688439
5588 688495
5589 688661
5590 689332
5591 689798
5592 690331
5593 690354
5594 690414
5595 690534
5596 690547
5597 690696
5598 690861
5599 691059
5600 691327
5601 691412
5602 691454
5603 691461
5604 691544
5605 691927
5606 691951
5607 692403
5608 692449
5609 692537
5610 692650
5611 692900
5612 692941
5613 692942
5614 692961
5615 693236
5616 693573
5617 693934
5618 694086
5619 694116
5620 694147
5621 694175
5622 694981
5623 695024
5624 695285
5625 695538
5626 695829
5627 695927
5628 695958
5629 696020
5630 696078
5631 696222
5632 696567
5633 696788
5634 696871
5635 696889
5636 697265
5637 697274
5638 697495
5639 697528
5640 697874
5641 697935
5642 697953
5643 698076
5644 698099
5645 698181
5646 698339
5647 698387
5648 698527
5649 698602
5650 699124
5651 699251
5652 699263
5653 699385
5654 699561
5655 699599
5656 699617
5657 699756
5658 699804
5659 699885
5660 700063
5661 700166
5662 700525
5663 700933
5664 700971
5665 700982
5666 701091
5667 701111
5668 701331
5669 701546
5670 701911
5671 702033
5672 702068
5673 702164
5674 702220
5675 702479
5676 702581
5677 702714
5678 702745
5679 702770
5680 702863
5681 702869
5682 703015
5683 703146
5684 703295
5685 703344
5686 703432
5687 703537
5688 703543
5689 703815
5690 703877
5691 703894
5692 704311
5693 704349
5694 704443
5695 704576
5696 704612
5697 704882
5698 705342
5699 705416
5700 705517
5701 705716
5702 705776
5703 706139
5704 706296
5705 706336
5706 706360
5707 706404
5708 706628
5709 706749
5710 706767
5711 707091
5712 707282
5713 707308
5714 707414
5715 707453
5716 707568
5717 707571
5718 707650
5719 707701
5720 707766
5721 707807
5722 707941
5723 708177
5724 708268
5725 708298
5726 708310
5727 708354
5728 708411
5729 708464
5730 708517
5731 708668
5732 708668
5733 708743
5734 708850
5735 708940
5736 708954
5737 709014
5738 709062
5739 709116
5740 709465
5741 709550
5742 709650
5743 709798
5744 709860
5745 709869
5746 710653
5747 710791
5748 710832
5749 711132
5750 711169
5751 711260
5752 711290
5753 711388
5754 711701
5755 711760
5756 711874
5757 712766
5758 712798
5759 712809
5760 713041
5761 713325
5762 713470
5763 713478
5764 713630
5765 713652
5766 713824
5767 713889
5768 713895
5769 713918
5770 714702
5771 714879
5772 715037
5773 715037
5774 715455
5775 715469
5776 715974
5777 716160
5778 716205
5779 716228
5780 716452
5781 716585
5782 716595
5783 716678
5784 716738
5785 716862
5786 716926
5787 717470
5788 717610
5789 717614
5790 717742
5791 717953
5792 717976
5793 718094
5794 718281
5795 718599
5796 718887
5797 718925
5798 719027
5799 719179
5800 719233
5801 719437
5802 719516
5803 719718
5804 719727
5805 719891
5806 720235
5807 720264
5808 720421
5809 720462
5810 720517
5811 720931
5812 721014
5813 721283
5814 721379
5815 721462
5816 721517
5817 721862
5818 721891
5819 721930
5820 721976
5821 722031
5822 722039
5823 722330
5824 722413
5825 722445
5826 722566
5827 722662
5828 723365
5829 723382
5830 723392
5831 723403
5832 723522
5833 723575
5834 723670
5835 723791
5836 723969
5837 724025
5838 724126
5839 724197
5840 724288
5841 724518
5842 724611
5843 724689
5844 724834
5845 725009
5846 725065
5847 725088
5848 725103
5849 725330
5850 725613
5851 725823
5852 726008
5853 726036
5854 726204
5855 726279
5856 726454
5857 726518
5858 726580
5859 726587
5860 727004
5861 727326
5862 727453
5863 727482
5864 727585
5865 728045
5866 728252
5867 728342
5868 728381
5869 728480
5870 728769
5871 728867
5872 728879
5873 728983
5874 729024
5875 729068
5876 729483
5877 729521
5878 729578
5879 729678
5880 729697
5881 729703
5882 729827
5883 730058
5884 730107
5885 730284
5886 730382
5887 730394
5888 730720
5889 730736
5890 730780
5891 730924
5892 730957
5893 731014
5894 731038
5895 731147
5896 731183
5897 731378
5898 731613
5899 731846
5900 731976
5901 732031
5902 732282
5903 732389
5904 732471
5905 732763
5906 732935
5907 732974
5908 733088
5909 733131
5910 733223
5911 733351
5912 733524
5913 733587
5914 733620
5915 733840
5916 734072
5917 734114
5918 734165
5919 734187
5920 734385
5921 734495
5922 734557
5923 734911
5924 735070
5925 735222
5926 735382
5927 735466
5928 735566
5929 735569
5930 735634
5931 735661
5932 735756
5933 735791
5934 735969
5935 736054
5936 736113
5937 736113
5938 736212
5939 736219
5940 736697
5941 736824
5942 736848
5943 736943
5944 736952
5945 737264
5946 737281
5947 737303
5948 737355
5949 737440
5950 737464
5951 737492
5952 737595
5953 737604
5954 737863
5955 737902
5956 738099
5957 738131
5958 738169
5959 738337
5960 738365
5961 738369
5962 738370
5963 738445
5964 738632
5965 738651
5966 738671
5967 738722
5968 738746
5969 738887
5970 738898
5971 739125
5972 739142
5973 739266
5974 739414
5975 739685
5976 740113
5977 740155
5978 740199
5979 740203
5980 740268
5981 740273
5982 740358
5983 740383
5984 740437
5985 740698
5986 740717
5987 740878
5988 740956
5989 740957
5990 741007
5991 741476
5992 741497
5993 741938
5994 741941
5995 742025
5996 742084
5997 742239
5998 742267
5999 742353
6000 742609
6001 743123
6002 743158
6003 743284
6004 743368
6005 743717
6006 743753
6007 743809
6008 743913
6009 744041
6010 744042
6011 744158
6012 744175
6013 744194
6014 744211
6015 744488
6016 744770
6017 744943
6018 745122
6019 745623
6020 745651
6021 745757
6022 745828
6023 745833
6024 745879
6025 746037
6026 746164
6027 746240
6028 746405
6029 746563
6030 746663
6031 747116
6032 747266
6033 747468
6034 747672
6035 747958
6036 747971
6037 747973
6038 748067
6039 748097
6040 748128
6041 748248
6042 748602
6043 749027
6044 749099
6045 749100
6046 749256
6047 749288
6048 749368
6049 749409
6050 749499
6051 749639
6052 749668
6053 749778
6054 749839
6055 750153
6056 750354
6057 750360
6058 750432
6059 750927
6060 750993
6061 751023
6062 751165
6063 751456
6064 751641
6065 751785
6066 752114
6067 752207
6068 752342
6069 752667
6070 752668
6071 752715
6072 752725
6073 752827
6074 753018
6075 753032
6076 753411
6077 753563
6078 753652
6079 754181
6080 754202
6081 754245
6082 754442
6083 754490
6084 754499
6085 754525
6086 754715
6087 754796
6088 755151
6089 755164
6090 755251
6091 755370
6092 755456
6093 755641
6094 755678
6095 755931
6096 756039
6097 756086
6098 756572
6099 756595
6100 756610
6101 756640
6102 756751
6103 757237
6104 757357
6105 757382
6106 757495
6107 757556
6108 757601
6109 757735
6110 757826
6111 758130
6112 758181
6113 758264
6114 758323
6115 758342
6116 758396
6117 758457
6118 758590
6119 758989
6120 759071
6121 759142
6122 759460
6123 759554
6124 759577
6125 759618
6126 759619
6127 759662
6128 759752
6129 759787
6130 759845
6131 759861
6132 759982
6133 760226
6134 760301
6135 760414
6136 760454
6137 760512
6138 760691
6139 760702
6140 760869
6141 760975
6142 761519
6143 761598
6144 761745
6145 762061
6146 762109
6147 762198
6148 762292
6149 762409
6150 762418
6151 762533
6152 762734
6153 762737
6154 762830
6155 763099
6156 763320
6157 763429
6158 763676
6159 763984
6160 764134
6161 764425
6162 764472
6163 764475
6164 764511
6165 764514
6166 764634
6167 764690
6168 765046
6169 765185
6170 765264
6171 765280
6172 765385
6173 765397
6174 765507
6175 765561
6176 765587
6177 765588
6178 765794
6179 765864
6180 765974
6181 766168
6182 766281
6183 766343
6184 766364
6185 766404
6186 766433
6187 766509
6188 766646
6189 767042
6190 767079
6191 767148
6192 767227
6193 767407
6194 767648
6195 767830
6196 767832
6197 767842
6198 768200
6199 768429
6200 768687
6201 768736
6202 768893
6203 768975
6204 769161
6205 769198
6206 769414
6207 769548
6208 769938
6209 769961
6210 769961
6211 770163
6212 770221
6213 770410
6214 770462
6215 770528
6216 770563
6217 770634
6218 770772
6219 770809
6220 770990
6221 771055
6222 771125
6223 771359
6224 771391
6225 771852
6226 772037
6227 772080
6228 772138
6229 772345
6230 772518
6231 772540
6232 772598
6233 772761
6234 772897
6235 773242
6236 773272
6237 773478
6238 773534
6239 773562
6240 773580
6241 773582
6242 773603
6243 773639
6244 773657
6245 773704
6246 773712
6247 773826
6248 773846
6249 773977
6250 773993
6251 774063
6252 774320
6253 774419
6254 774567
6255 774706
6256 774764
6257 774792
6258 774971
6259 775352
6260 775430
6261 775729
6262 775735
6263 775821
6264 775916
6265 775939
6266 776021
6267 776423
6268 776515
6269 776657
6270 776678
6271 776790
6272 776830
6273 776979
6274 777028
6275 777079
6276 777966
6277 778000
6278 778031
6279 778338
6280 778425
6281 778515
6282 778517
6283 778552
6284 778763
6285 779014
6286 779065
6287 779355
6288 779407
6289 779637
6290 779661
6291 779958
6292 780082
6293 780084
6294 780350
6295 780375
6296 780420
6297 780723
6298 781150
6299 781178
6300 781226
6301 781654
6302 781672
6303 781778
6304 781815
6305 782309
6306 782543
6307 782631
6308 782670
6309 782793
6310 782797
6311 782942
6312 783013
6313 783018
6314 783380
6315 783407
6316 783608
6317 784002
6318 784012
6319 784224
6320 784237
6321 784372
6322 784675
6323 784735
6324 784772
6325 784910
6326 785020
6327 785326
6328 785342
6329 785549
6330 785592
6331 785772
6332 785783
6333 785928
6334 785958
6335 785965
6336 786620
6337 786696
6338 786791
6339 787154
6340 787325
6341 787350
6342 787500
6343 787506
6344 787618
6345 787665
6346 787666
6347 787762
6348 787911
6349 787920
6350 787951
6351 788088
6352 788269
6353 788394
6354 788455
6355 788470
6356 788626
6357 788785
6358 789044
6359 789122
6360 789166
6361 789342
6362 789456
6363 789489
6364 789567
6365 789584
6366 789737
6367 790241
6368 790494
6369 790583
6370 790876
6371 791101
6372 791298
6373 791476
6374 791493
6375 791536
6376 791586
6377 791634
6378 791684
6379 791698
6380 791765
6381 792182
6382 792324
6383 792343
6384 792393
6385 792425
6386 792703
6387 793250
6388 793482
6389 794252
6390 794478
6391 794606
6392 794785
6393 794796
6394 794800
6395 794934
6396 795044
6397 795076
6398 795124
6399 795177
6400 795297
6401 795316
6402 795332
6403 795457
6404 795479
6405 795501
6406 795861
6407 795877
6408 795891
6409 795900
6410 795938
6411 796058
6412 796165
6413 796184
6414 796293
6415 796521
6416 796879
6417 797294
6418 797316
6419 797316
6420 797380
6421 797494
6422 797640
6423 797950
6424 798105
6425 798108
6426 798308
6427 798624
6428 798763
6429 798813
6430 798897
6431 798997
6432 799119
6433 799135
6434 799248
6435 799417
6436 799522
6437 799871
6438 800135
6439 800456
6440 800634
6441 800684
6442 800772
6443 800847
6444 800923
6445 800936
6446 800937
6447 801245
6448 801422
6449 801422
6450 801437
6451 801595
6452 801794
6453 801819
6454 801879
6455 802032
6456 802169
6457 802399
6458 802455
6459 802479
6460 802492
6461 802565
6462 802694
6463 803368
6464 803504
6465 803582
6466 803593
6467 803628
6468 803732
6469 803785
6470 803851
6471 804386
6472 804409
6473 804503
6474 804747
6475 804887
6476 805136
6477 805163
6478 805304
6479 805403
6480 805436
6481 805485
6482 805649
6483 805820
6484 805866
6485 806039
6486 806255
6487 806377
6488 806463
6489 806652
6490 806735
6491 806798
6492 806849
6493 806869
6494 807173
6495 807322
6496 807336
6497 807475
6498 807856
6499 808303
6500 808366
6501 808522
6502 809126
6503 809192
6504 809244
6505 809578
6506 809656
6507 809746
6508 809861
6509 810171
6510 810204
6511 810288
6512 810384
6513 810509
6514 810624
6515 810656
6516 810663
6517 810869
6518 811038
6519 811065
6520 811110
6521 811238
6522 811418
6523 811510
6524 811565
6525 811608
6526 811687
6527 811733
6528 811745
6529 811875
6530 811994
6531 812116
6532 812140
6533 812276
6534 812445
6535 812464
6536 812483
6537 812525
6538 812607
6539 812668
6540 812758
6541 812794
6542 813260
6543 813435
6544 813522
6545 813830
6546 814062
6547 814075
6548 814200
6549 814274
6550 814323
6551 814383
6552 814457
6553 814465
6554 814630
6555 814649
6556 814688
6557 814709
6558 814740
6559 815250
6560 815361
6561 815395
6562 815477
6563 815770
6564 815889
6565 815973
6566 816213
6567 816492
6568 816604
6569 816881
6570 816979
6571 817049
6572 817273
6573 817441
6574 817462
6575 817604
6576 818198
6577 818258
6578 818284
6579 818593
6580 819165
6581 819253
6582 819305
6583 819387
6584 819578
6585 819593
6586 819603
6587 819725
6588 819757
6589 819787
6590 820280
6591 820347
6592 820669
6593 820695
6594 821053
6595 821090
6596 821145
6597 821433
6598 821455
6599 821472
6600 821545
6601 821667
6602 821759
6603 821977
6604 822026
6605 822122
6606 822138
6607 822165
6608 822313
6609 822424
6610 822451
6611 822478
6612 822492
6613 822700
6614 822926
6615 823347
6616 823364
6617 823395
6618 823446
6619 823616
6620 823783
6621 823827
6622 824025
6623 824393
6624 824934
6625 825006
6626 825135
6627 825214
6628 825221
6629 825532
6630 825603
6631 825684
6632 825931
6633 826038
6634 826524
6635 826658
6636 826997
6637 827016
6638 827061
6639 827484
6640 827602
6641 827671
6642 827724
6643 827950
6644 828116
6645 828133
6646 828178
6647 828271
6648 828299
6649 828410
6650 828576
6651 828710
6652 828952
6653 828959
6654 829767
6655 829810
6656 829820
6657 829899
6658 830026
6659 830168
6660 830181
6661 830182
6662 830319
6663 830328
6664 830490
6665 830617
6666 830617
6667 830617
6668 830872
6669 830938
6670 831089
6671 831150
6672 831224
6673 831253
6674 831431
6675 831504
6676 831586
6677 831688
6678 831692
6679 831994
6680 831995
6681 832195
6682 832337
6683 832443
6684 832446
6685 832561
6686 832563
6687 832581
6688 832602
6689 832662
6690 832663
6691 832769
6692 832856
6693 832881
6694 832998
6695 833000
6696 833013
6697 833030
6698 833133
6699 833156
6700 833231
6701 833861
6702 833968
6703 833969
6704 834109
6705 834222
6706 834348
6707 834453
6708 834507
6709 834628
6710 834756
6711 834837
6712 834890
6713 834946
6714 834988
6715 835186
6716 835195
6717 835576
6718 835619
6719 835867
6720 836042
6721 836279
6722 836614
6723 836621
6724 836630
6725 836770
6726 836879
6727 837052
6728 837189
6729 837282
6730 837325
6731 837373
6732 837379
6733 837409
6734 837474
6735 837674
6736 837713
6737 837749
6738 837809
6739 837846
6740 837886
6741 837890
6742 838049
6743 838331
6744 838625
6745 838675
6746 838688
6747 838797
6748 838807
6749 838944
6750 839197
6751 839233
6752 839257
6753 839272
6754 839335
6755 839711
6756 840101
6757 840224
6758 840346
6759 840548
6760 840652
6761 840752
6762 841121
6763 841284
6764 841358
6765 841549
6766 841692
6767 841767
6768 841939
6769 842076
6770 842150
6771 842174
6772 842306
6773 842571
6774 842919
6775 842924
6776 842965
6777 843196
6778 843281
6779 843326
6780 843468
6781 843477
6782 843478
6783 843537
6784 843796
6785 843929
6786 844067
6787 844088
6788 844198
6789 844300
6790 844304
6791 844490
6792 844600
6793 844624
6794 844654
6795 844965
6796 845011
6797 845084
6798 845732
6799 845880
6800 845968
6801 846189
6802 846463
6803 846495
6804 846647
6805 846696
6806 846749
6807 846792
6808 846907
6809 847075
6810 847111
6811 847147
6812 847299
6813 847417
6814 847523
6815 847624
6816 847812
6817 847953
6818 848200
6819 848483
6820 848491
6821 848559
6822 848894
6823 848919
6824 849076
6825 849123
6826 849512
6827 849534
6828 849592
6829 849706
6830 849722
6831 849894
6832 850215
6833 850261
6834 850397
6835 850863
6836 850930
6837 851106
6838 851259
6839 851292
6840 851764
6841 851809
6842 852167
6843 852224
6844 852301
6845 852460
6846 852603
6847 852820
6848 852914
6849 853026
6850 853172
6851 853266
6852 853476
6853 853703
6854 853843
6855 853853
6856 853895
6857 853995
6858 854028
6859 854275
6860 854375
6861 854379
6862 854474
6863 854733
6864 854757
6865 854899
6866 855025
6867 855384
6868 855705
6869 855767
6870 855876
6871 855921
6872 856044
6873 856056
6874 856117
6875 856240
6876 856279
6877 856421
6878 856518
6879 856961
6880 857231
6881 857513
6882 857525
6883 857552
6884 857713
6885 857903
6886 858148
6887 858174
6888 858311
6889 858706
6890 858757
6891 858899
6892 859068
6893 859540
6894 859620
6895 859743
6896 859767
6897 859915
6898 860028
6899 860511
6900 860695
6901 861128
6902 861258
6903 861502
6904 861543
6905 861759
6906 862590
6907 862606
6908 862923
6909 862935
6910 863024
6911 863107
6912 863290
6913 863593
6914 863606
6915 863665
6916 863704
6917 863990
6918 864217
6919 864338
6920 864475
6921 864581
6922 864683
6923 864696
6924 864745
6925 864984
6926 865039
6927 865182
6928 865424
6929 865541
6930 865633
6931 865680
6932 865782
6933 865808
6934 865870
6935 865954
6936 866203
6937 866440
6938 866468
6939 866532
6940 866586
6941 866648
6942 866699
6943 866724
6944 867058
6945 867067
6946 867194
6947 867249
6948 867265
6949 867304
6950 867380
6951 867479
6952 867753
6953 867774
6954 868043
6955 868178
6956 868204
6957 868282
6958 868341
6959 868658
6960 868994
6961 869100
6962 869207
6963 869300
6964 869704
6965 869760
6966 869778
6967 869837
6968 869953
6969 870244
6970 870403
6971 870469
6972 870552
6973 870588
6974 870740
6975 870795
6976 870859
6977 870966
6978 871048
6979 871104
6980 871314
6981 871369
6982 871443
6983 871493
6984 871686
6985 871881
6986 872140
6987 872240
6988 872245
6989 872407
6990 872474
6991 872759
6992 873083
6993 873211
6994 873322
6995 873424
6996 873793
6997 874031
6998 874147
6999 874191
7000 874520
7001 874644
7002 875119
7003 875211
7004 875260
7005 875413
7006 875436
7007 875582
7008 875695
7009 875811
7010 875911
7011 876056
7012 876277
7013 876466
7014 876524
7015 876852
7016 876915
7017 876927
7018 877080
7019 877220
7020 877250
7021 877290
7022 877708
7023 877748
7024 878322
7025 878355
7026 878426
7027 878565
7028 878583
7029 878814
7030 878972
7031 879017
7032 879179
7033 879230
7034 879440
7035 879762
7036 879854
7037 879891
7038 880013
7039 880040
7040 880361
7041 880536
7042 880589
7043 880638
7044 880659
7045 880765
7046 880910
7047 881211
7048 881330
7049 881515
7050 881548
7051 881548
7052 881625
7053 881653
7054 881662
7055 882048
7056 882971
7057 883075
7058 883418
7059 883694
7060 883777
7061 883779
7062 883815
7063 883866
7064 884161
7065 884509
7066 885104
7067 885165
7068 885177
7069 885740
7070 885838
7071 885925
7072 886397
7073 886552
7074 886556
7075 886674
7076 886864
7077 886938
7078 886971
7079 887187
7080 887250
7081 887280
7082 887491
7083 887530
7084 887568
7085 887641
7086 887789
7087 887822
7088 887904
7089 887947
7090 888074
7091 888336
7092 888435
7093 888901
7094 889258
7095 889311
7096 889317
7097 889330
7098 889450
7099 889535
7100 889579
7101 889680
7102 890545
7103 890567
7104 890677
7105 890727
7106 890831
7107 890996
7108 891075
7109 891101
7110 891305
7111 891536
7112 891978
7113 892043
7114 892091
7115 892295
7116 892362
7117 892376
7118 892428
7119 892543
7120 892658
7121 892730
7122 892780
7123 893193
7124 893404
7125 893594
7126 893750
7127 893955
7128 893997
7129 894098
7130 894440
7131 894495
7132 894522
7133 894633
7134 894725
7135 894749
7136 894760
7137 894888
7138 894981
7139 895209
7140 895276
7141 895281
7142 895386
7143 895952
7144 896150
7145 896196
7146 896238
7147 896348
7148 896464
7149 896469
7150 896560
7151 896640
7152 897004
7153 897019
7154 897141
7155 897211
7156 897279
7157 897350
7158 897771
7159 897778
7160 897911
7161 898035
7162 898069
7163 898092
7164 898611
7165 898963
7166 899111
7167 899198
7168 899221
7169 899425
7170 899465
7171 899470
7172 899563
7173 899568
7174 899844
7175 899885
7176 899924
7177 899965
7178 900062
7179 900292
7180 900417
7181 900440
7182 900486
7183 900618
7184 900760
7185 900825
7186 901103
7187 901166
7188 901188
7189 901199
7190 901307
7191 901308
7192 901336
7193 901553
7194 901676
7195 901735
7196 901750
7197 901770
7198 901894
7199 901969
7200 902058
7201 902066
7202 902355
7203 902456
7204 902479
7205 902504
7206 902558
7207 902690
7208 902727
7209 902744
7210 902746
7211 902997
7212 903335
7213 903383
7214 903405
7215 903493
7216 903676
7217 903922
7218 903994
7219 904298
7220 904415
7221 904430
7222 904655
7223 904738
7224 904741
7225 904758
7226 904771
7227 904842
7228 904846
7229 904899
7230 905371
7231 905552
7232 905635
7233 905674
7234 905733
7235 905783
7236 906183
7237 906274
7238 906484
7239 906582
7240 906701
7241 906758
7242 906799
7243 906932
7244 907111
7245 907139
7246 907443
7247 907732
7248 907824
7249 907863
7250 908142
7251 908289
7252 908301
7253 908385
7254 908388
7255 908430
7256 908505
7257 908740
7258 909011
7259 909156
7260 909207
7261 909245
7262 909277
7263 909335
7264 909347
7265 909854
7266 910222
7267 910251
7268 910506
7269 910527
7270 910915
7271 910949
7272 910953
7273 910996
7274 911136
7275 911196
7276 911213
7277 911335
7278 911366
7279 911584
7280 911791
7281 911896
7282 911899
7283 911929
7284 911947
7285 912081
7286 912238
7287 912243
7288 912317
7289 912423
7290 912425
7291 912470
7292 912485
7293 912606
7294 912682
7295 912699
7296 912751
7297 912866
7298 913043
7299 913108
7300 913169
7301 913282
7302 913298
7303 913377
7304 913458
7305 913475
7306 913496
7307 913715
7308 913766
7309 913815
7310 913880
7311 913915
7312 913970
7313 914020
7314 914147
7315 914147
7316 914241
7317 914241
7318 914341
7319 914426
7320 914478
7321 914642
7322 914785
7323 914843
7324 914972
7325 915057
7326 915091
7327 915375
7328 915387
7329 915411
7330 915489
7331 915565
7332 915604
7333 915627
7334 915938
7335 916186
7336 916266
7337 916306
7338 916605
7339 916640
7340 916883
7341 917177
7342 917306
7343 917477
7344 917483
7345 917585
7346 917610
7347 917680
7348 917782
7349 917873
7350 918148
7351 918159
7352 918474
7353 918557
7354 918590
7355 918611
7356 918820
7357 918959
7358 919109
7359 919126
7360 919219
7361 919334
7362 919351
7363 919390
7364 919455
7365 919561
7366 919888
7367 920067
7368 920135
7369 920202
7370 920304
7371 920306
7372 920383
7373 920494
7374 920549
7375 920588
7376 920600
7377 920680
7378 920694
7379 920760
7380 920801
7381 920900
7382 921045
7383 921082
7384 921125
7385 921188
7386 921285
7387 921292
7388 921707
7389 921762
7390 921987
7391 922036
7392 922234
7393 922273
7394 922392
7395 922769
7396 922863
7397 922877
7398 922913
7399 923121
7400 923277
7401 923493
7402 923604
7403 923820
7404 924096
7405 924193
7406 924305
7407 924418
7408 924423
7409 924505
7410 924646
7411 924862
7412 925601
7413 925862
7414 926056
7415 926163
7416 926323
7417 926581
7418 926771
7419 927028
7420 927088
7421 927281
7422 927345
7423 927377
7424 927399
7425 927684
7426 928063
7427 928067
7428 928414
7429 928423
7430 928539
7431 928575
7432 928659
7433 928735
7434 928761
7435 929274
7436 929496
7437 929631
7438 929642
7439 929676
7440 929989
7441 930054
7442 930061
7443 930078
7444 930203
7445 930256
7446 930296
7447 930368
7448 930391
7449 930399
7450 930550
7451 930604
7452 930616
7453 930833
7454 930930
7455 930953
7456 931068
7457 931097
7458 931326
7459 931383
7460 931643
7461 931743
7462 931828
7463 931833
7464 932287
7465 932439
7466 932442
7467 932502
7468 932760
7469 932866
7470 932917
7471 933056
7472 933501
7473 933645
7474 933650
7475 933700
7476 933821
7477 933850
7478 933938
7479 933948
7480 934168
7481 934317
7482 934329
7483 934343
7484 934532
7485 934579
7486 934580
7487 934637
7488 934676
7489 934687
7490 934742
7491 934987
7492 935217
7493 935230
7494 935437
7495 935438
7496 935569
7497 935580
7498 935620
7499 935803
7500 935820
7501 935905
7502 935974
7503 936001
7504 936365
7505 936408
7506 936533
7507 936858
7508 937127
7509 937397
7510 937712
7511 937803
7512 937824
7513 937910
7514 938032
7515 938193
7516 938242
7517 938250
7518 938289
7519 938363
7520 938552
7521 938808
7522 938981
7523 939095
7524 939510
7525 939543
7526 939701
7527 939760
7528 939807
7529 940016
7530 940096
7531 940748
7532 940869
7533 941163
7534 941359
7535 941506
7536 941665
7537 941732
7538 942029
7539 942037
7540 942199
7541 942232
7542 942235
7543 942286
7544 942332
7545 942420
7546 942659
7547 942946
7548 943090
7549 943111
7550 943578
7551 943735
7552 944113
7553 944137
7554 944446
7555 944503
7556 944543
7557 944648
7558 944670
7559 944677
7560 944800
7561 945084
7562 945123
7563 945276
7564 945291
7565 945332
7566 945732
7567 945764
7568 945908
7569 946371
7570 946547
7571 946714
7572 946775
7573 946808
7574 946857
7575 946858
7576 946930
7577 946999
7578 947027
7579 947050
7580 947061
7581 947067
7582 947075
7583 947101
7584 947183
7585 947184
7586 947186
7587 947294
7588 947421
7589 947562
7590 947651
7591 947858
7592 947884
7593 947902
7594 947945
7595 947959
7596 948124
7597 948256
7598 948321
7599 948409
7600 948455
7601 948564
7602 948572
7603 948636
7604 948679
7605 948696
7606 948816
7607 948843
7608 948848
7609 949086
7610 949229
7611 949570
7612 949590
7613 949857
7614 950122
7615 950165
7616 950256
7617 950363
7618 950406
7619 950719
7620 950754
7621 950791
7622 950859
7623 950933
7624 951097
7625 951628
7626 951740
7627 952156
7628 952740
7629 952778
7630 952794
7631 952972
7632 953004
7633 953152
7634 953190
7635 953257
7636 953405
7637 953423
7638 953515
7639 953690
7640 953916
7641 953964
7642 954203
7643 954362
7644 954383
7645 954607
7646 954845
7647 954925
7648 954941
7649 954954
7650 954984
7651 955061
7652 955099
7653 955406
7654 955412
7655 955454
7656 955942
7657 955949
7658 956047
7659 956084
7660 956127
7661 956179
7662 956199
7663 956275
7664 956315
7665 956653
7666 956775
7667 956839
7668 956850
7669 957158
7670 957317
7671 957350
7672 957395
7673 957710
7674 957852
7675 958244
7676 958396
7677 958459
7678 958635
7679 958759
7680 959028
7681 959117
7682 959121
7683 959334
7684 959669
7685 959747
7686 959869
7687 959882
7688 960081
7689 960085
7690 960088
7691 960116
7692 960143
7693 960143
7694 960191
7695 960351
7696 960557
7697 960699
7698 960990
7699 961087
7700 961332
7701 961390
7702 961510
7703 961647
7704 961685
7705 961850
7706 961896
7707 962015
7708 962021
7709 962078
7710 962182
7711 962195
7712 962212
7713 962378
7714 962602
7715 962657
7716 962763
7717 962804
7718 962890
7719 962897
7720 963096
7721 963183
7722 963187
7723 963203
7724 963310
7725 963459
7726 963752
7727 964136
7728 964333
7729 964474
7730 964498
7731 964687
7732 965140
7733 965179
7734 965223
7735 965246
7736 965465
7737 965536
7738 965651
7739 965733
7740 965861
7741 965947
7742 966012
7743 966029
7744 966071
7745 966263
7746 966272
7747 966272
7748 966343
7749 966404
7750 966561
7751 966615
7752 966916
7753 966969
7754 966979
7755 967191
7756 967356
7757 967413
7758 967527
7759 967639
7760 967675
7761 967835
7762 967843
7763 968033
7764 968438
7765 968558
7766 968683
7767 968785
7768 969023
7769 969155
7770 969519
7771 969572
7772 969616
7773 969744
7774 969885
7775 970104
7776 970375
7777 970379
7778 970442
7779 970564
7780 970586
7781 971116
7782 971223
7783 971334
7784 971355
7785 971557
7786 971669
7787 971749
7788 971766
7789 972062
7790 972145
7791 972183
7792 972204
7793 972257
7794 972304
7795 972369
7796 972450
7797 972551
7798 972907
7799 973153
7800 973173
7801 973195
7802 973437
7803 973677
7804 973749
7805 974066
7806 974255
7807 974279
7808 974345
7809 974433
7810 974537
7811 974720
7812 974774
7813 974795
7814 974907
7815 975049
7816 975055
7817 975073
7818 975129
7819 975161
7820 975280
7821 975388
7822 975432
7823 975514
7824 975546
7825 975596
7826 975642
7827 975814
7828 975907
7829 975970
7830 975972
7831 976003
7832 976175
7833 976348
7834 976457
7835 976477
7836 976704
7837 976729
7838 976779
7839 976902
7840 977212
7841 977219
7842 977266
7843 977316
7844 977341
7845 977494
7846 977505
7847 978292
7848 978878
7849 978882
7850 979371
7851 979678
7852 980059
7853 980844
7854 980974
7855 981022
7856 981030
7857 981216
7858 981355
7859 981589
7860 981619
7861 981662
7862 981715
7863 981884
7864 981914
7865 981954
7866 981969
7867 982030
7868 982081
7869 982134
7870 982352
7871 982410
7872 982853
7873 983096
7874 983184
7875 983363
7876 983375
7877 983605
7878 983732
7879 983949
7880 984221
7881 984261
7882 984559
7883 984681
7884 984749
7885 984791
7886 984954
7887 984963
7888 985031
7889 985239
7890 985275
7891 985291
7892 985318
7893 985493
7894 985592
7895 985665
7896 986132
7897 986191
7898 986599
7899 986600
7900 986831
7901 987034
7902 987110
7903 987125
7904 987158
7905 987163
7906 987245
7907 987378
7908 987440
7909 987555
7910 987581
7911 987887
7912 987936
7913 988297
7914 988502
7915 988622
7916 988752
7917 988841
7918 988918
7919 989100
7920 989156
7921 989157
7922 989215
7923 989226
7924 989405
7925 989508
7926 989636
7927 989753
7928 989929
7929 990105
7930 990106
7931 990311
7932 990353
7933 990366
7934 990404
7935 990409
7936 990412
7937 990551
7938 990598
7939 990639
7940 990851
7941 990971
7942 991183
7943 991535
7944 991790
7945 991834
7946 992202
7947 992283
7948 992290
7949 992380
7950 992423
7951 992442
7952 992545
7953 992562
7954 992675
7955 992871
7956 992893
7957 993292
7958 993452
7959 993532
7960 993806
7961 993853
7962 993960
7963 994018
7964 994062
7965 994100
7966 994283
7967 994304
7968 994770
7969 994879
7970 994919
7971 995040
7972 995233
7973 995287
7974 995472
7975 995639
7976 995674
7977 995822
7978 995914
7979 996098
7980 996632
7981 996691
7982 996896
7983 997035
7984 997036
7985 997130
7986 997371
7987 997488
7988 997696
7989 997836
7990 998126
7991 998439
7992 998686
7993 998693
7994 998714
7995 999189
7996 999212
7997 999451
7998 999488
7999 999671
