# 8000 data points
# index number
0 976348
1 296448
2 342337
3 749639
4 268120
5 647769
6 818198
7 164593
8 930061
9 300147
10 766509
11 525756
12 83912
13 205038
14 79188
15 981216
16 469432
17 673020
18 520249
19 789737
20 451502
21 667590
22 374392
23 404711
24 795316
25 260998
26 16805
27 18974
28 157664
29 666806
30 342464
31 133628
32 374970
33 64285
34 501409
35 992871
36 894495
37 708850
38 653237
39 412586
40 645777
41 221977
42 914020
43 491062
44 414768
45 130652
46 459637
47 434675
48 321298
49 603317
50 962078
51 658918
52 347556
53 344925
54 463373
55 975972
56 385507
57 972145
58 182703
59 984681
60 906932
61 110790
62 55971
63 308577
64 881548
65 426517
66 427126
67 544537
68 825221
69 817604
70 853172
71 291138
72 28137
73 831995
74 509674
75 415039
76 847111
77 801794
78 953423
79 419606
80 29729
81 265008
82 729483
83 926771
84 32114
85 529982
86 420117
87 536000
88 185813
89 61780
90 595168
91 738746
92 930203
93 76401
94 812445
95 839257
96 550242
97 928659
98 360996
99 550003
100 419139
101 698602
102 71167
103 819787
104 443217
105 711290
106 917680
107 632981
108 621814
109 472647
110 703295
111 748128
112 576600
113 842924
114 171753
115 272692
116 858148
117 887491
118 3643
119 388135
120 417440
121 196269
122 294511
123 626386
124 28389
125 17967
126 1378
127 676452
128 685149
129 48614
130 124875
131 480271
132 173353
133 396748
134 926163
135 212517
136 554488
137 136597
138 570067
139 873083
140 211983
141 987936
142 251165
143 537163
144 219555
145 324788
146 63822
147 580636
148 17774
149 728342
150 789166
151 342923
152 963203
153 241421
154 13936
155 11226
156 62955
157 947294
158 893193
159 955406
160 771852
161 344903
162 699251
163 148612
164 832998
165 601776
166 544537
167 652688
168 837379
169 276370
170 260775
171 797494
172 93861
173 670907
174 998714
175 648412
176 995822
177 26389
178 272435
179 535823
180 880536
181 242274
182 703894
183 854375
184 266853
185 398020
186 874031
187 458926
188 767842
189 792343
190 406487
191 859620
192 178499
193 483794
194 602300
195 12352
196 583046
197 914147
198 715037
199 915627
200 488361
201 390767
202 865541
203 953515
204 224763
205 277694
206 906274
207 100978
208 245562
209 245668
210 473095
211 756610
212 663728
213 921987
214 426109
215 253884
216 876927
217 591255
218 753032
219 580956
220 518418
221 72309
222 363553
223 707308
224 126417
225 645335
226 569726
227 259820
228 822138
229 552360
230 157000
231 338876
232 228572
233 535532
234 987555
235 634959
236 728045
237 518107
238 929989
239 956653
240 654739
241 545707
242 417800
243 961510
244 934742
245 678642
246 147518
247 581801
248 135133
249 614065
250 832881
251 38536
252 557463
253 389103
254 734187
255 760512
256 430252
257 808303
258 35385
259 182445
260 18452
261 1658
262 401858
263 640088
264 501959
265 269796
266 28903
267 153664
268 285098
269 642820
270 697265
271 177859
272 317536
273 166625
274 253549
275 671371
276 445453
277 148782
278 198906
279 516659
280 509270
281 524383
282 821053
283 206730
284 178178
285 235245
286 367773
287 256870
288 507643
289 414047
290 912682
291 332016
292 147595
293 104150
294 787911
295 82588
296 567968
297 867774
298 187791
299 21168
300 734385
301 596965
302 920494
303 958244
304 318290
305 66377
306 391641
307 946714
308 798624
309 692650
310 39047
311 902066
312 70670
313 796293
314 348173
315 998693
316 364236
317 618166
318 713652
319 164041
320 158430
321 909245
322 176761
323 963096
324 212539
325 90335
326 68399
327 488587
328 988752
329 534370
330 881548
331 540533
332 377493
333 240132
334 49064
335 25935
336 332965
337 90468
338 427744
339 660221
340 446357
341 583921
342 106915
343 371243
344 616181
345 725088
346 41406
347 350076
348 386853
349 907
350 29767
351 156786
352 613390
353 667567
354 747468
355 260586
356 345571
357 52032
358 132838
359 600054
360 10919
361 124695
362 95409
363 308329
364 492232
365 132779
366 659646
367 419447
368 750153
369 770563
370 612752
371 804386
372 520564
373 890831
374 37164
375 569223
376 934676
377 586237
378 773639
379 863593
380 858899
381 59234
382 579599
383 316703
384 352501
385 790241
386 173093
387 852460
388 992290
389 356718
390 341649
391 287238
392 341804
393 867479
394 157089
395 126776
396 552756
397 389046
398 84767
399 236252
400 811608
401 252009
402 374424
403 334315
404 995472
405 548722
406 738898
407 472707
408 718094
409 48253
410 588435
411 113731
412 746037
413 755151
414 317371
415 54628
416 192747
417 285528
418 614906
419 107637
420 677626
421 503273
422 974066
423 104855
424 820280
425 592404
426 437121
427 826038
428 656715
429 95970
430 779661
431 853995
432 272312
433 850261
434 389803
435 45691
436 682166
437 123985
438 837713
439 307573
440 617012
441 339481
442 800772
443 111631
444 834890
445 226826
446 561545
447 755678
448 145444
449 127100
450 632458
451 719027
452 853895
453 919126
454 289320
455 695927
456 482092
457 961332
458 474994
459 496678
460 659444
461 799119
462 927399
463 124379
464 80068
465 736219
466 708411
467 987887
468 555150
469 769414
470 981030
471 564045
472 940748
473 668770
474 773562
475 430116
476 158246
477 994919
478 156597
479 646958
480 543102
481 691327
482 269676
483 71722
484 330881
485 198813
486 701111
487 543273
488 519729
489 203442
490 31057
491 632261
492 515180
493 554619
494 782309
495 39693
496 574630
497 250461
498 426232
499 912238
500 910953
501 870966
502 506702
503 609516
504 501999
505 400078
506 869953
507 488876
508 877290
509 985318
510 623068
511 387928
512 935820
513 73474
514 941732
515 896348
516 787951
517 283940
518 565355
519 568667
520 636823
521 854275
522 564215
523 682126
524 325309
525 47591
526 251667
527 372008
528 706360
529 346396
530 410478
531 255474
532 858757
533 885925
534 974907
535 399028
536 106005
537 480957
538 81412
539 499814
540 120866
541 868282
542 795900
543 883418
544 257208
545 782793
546 622695
547 707571
548 868204
549 84550
550 81220
551 79640
552 297084
553 998686
554 635400
555 514303
556 593644
557 277003
558 215676
559 785020
560 774419
561 662310
562 575123
563 158302
564 643061
565 872474
566 63317
567 783407
568 184247
569 624965
570 831586
571 572544
572 281773
573 213984
574 451057
575 819305
576 759845
577 316532
578 833968
579 527761
580 354650
581 41899
582 805436
583 563948
584 367759
585 517699
586 736824
587 288592
588 188740
589 306917
590 85724
591 918557
592 184485
593 722330
594 207238
595 19149
596 298372
597 210673
598 325554
599 915057
600 72675
601 747971
602 455950
603 480046
604 270093
605 964474
606 420424
607 420843
608 220261
609 112847
610 933501
611 395813
612 928414
613 132634
614 279888
615 831692
616 657629
617 839272
618 47017
619 239794
620 513232
621 584143
622 100921
623 945732
624 726008
625 766281
626 844088
627 83057
628 135932
629 14843
630 312923
631 251404
632 434470
633 158373
634 857231
635 584480
636 223547
637 722031
638 694981
639 933650
640 913458
641 382616
642 205785
643 161119
644 8981
645 814383
646 272492
647 5092
648 849534
649 692961
650 611643
651 871104
652 380211
653 322310
654 862923
655 102768
656 868994
657 708464
658 201025
659 565740
660 562476
661 737355
662 559431
663 656009
664 327332
665 1221
666 836614
667 423150
668 174884
669 353937
670 16270
671 327353
672 856961
673 320168
674 252636
675 62705
676 176468
677 412748
678 131355
679 855921
680 327429
681 368503
682 450095
683 57656
684 96628
685 452331
686 609031
687 691461
688 580317
689 725330
690 650153
691 812794
692 731014
693 463828
694 930078
695 97320
696 415306
697 456244
698 600735
699 454632
700 176302
701 413643
702 456136
703 721891
704 824393
705 192910
706 184747
707 593516
708 675923
709 449705
710 752207
711 990598
712 397975
713 978292
714 87878
715 560226
716 253727
717 639281
718 723575
719 54313
720 159565
721 972062
722 749778
723 994062
724 523655
725 399733
726 832443
727 445095
728 825135
729 189787
730 944446
731 465053
732 380898
733 878355
734 484749
735 36463
736 628591
737 809861
738 114031
739 149860
740 503663
741 413407
742 659124
743 382925
744 406654
745 223768
746 14768
747 449088
748 724518
749 865680
750 987581
751 22316
752 594422
753 928067
754 324638
755 833156
756 366452
757 48398
758 791536
759 864475
760 147143
761 560646
762 609368
763 134527
764 581153
765 703015
766 26911
767 361149
768 174247
769 869100
770 446744
771 966012
772 575638
773 469400
774 698527
775 754499
776 248424
777 165713
778 568753
779 938032
780 368268
781 81178
782 66710
783 335392
784 935569
785 871369
786 596919
787 872140
788 376289
789 580428
790 887947
791 307709
792 80653
793 79826
794 318225
795 263751
796 704443
797 690696
798 6640
799 551176
800 780082
801 684113
802 477384
803 833969
804 477828
805 613239
806 846463
807 302760
808 772897
809 498450
810 745757
811 128535
812 942037
813 418655
814 737492
815 535489
816 191131
817 981914
818 868043
819 771359
820 339786
821 894522
822 559259
823 603547
824 223933
825 624184
826 984954
827 160749
828 765588
829 179397
830 880040
831 543840
832 270552
833 789044
834 783380
835 108363
836 298671
837 764514
838 629168
839 276713
840 584056
841 827950
842 435141
843 164086
844 719233
845 476721
846 351830
847 832337
848 240643
849 573777
850 251244
851 144438
852 24250
853 869704
854 264759
855 644278
856 508677
857 903994
858 600601
859 687784
860 776423
861 45250
862 656447
863 898092
864 337083
865 922863
866 920549
867 496532
868 43521
869 302279
870 656913
871 900292
872 734495
873 453846
874 580995
875 294671
876 315211
877 168619
878 39789
879 441853
880 268552
881 956275
882 954925
883 428422
884 320645
885 308957
886 513420
887 170427
888 779014
889 684414
890 295001
891 468415
892 112411
893 522129
894 907863
895 56771
896 668844
897 892428
898 919351
899 133744
900 131140
901 541891
902 771125
903 143392
904 814200
905 155350
906 769198
907 351414
908 219889
909 637545
910 150669
911 897211
912 217256
913 423990
914 616797
915 289086
916 718599
917 74262
918 755164
919 653114
920 15048
921 260855
922 74228
923 754715
924 836279
925 337669
926 266662
927 831504
928 353037
929 814465
930 81912
931 443582
932 472221
933 653254
934 304799
935 840548
936 933850
937 481079
938 740268
939 131372
940 537407
941 738365
942 432356
943 832563
944 759662
945 875695
946 188789
947 61391
948 613442
949 913043
950 635414
951 774063
952 700933
953 688262
954 733840
955 454650
956 478689
957 665684
958 911584
959 610249
960 44736
961 236439
962 579832
963 283478
964 629936
965 520466
966 956179
967 657276
968 102661
969 42789
970 327994
971 192486
972 432811
973 585740
974 448953
975 739414
976 291287
977 562186
978 872759
979 725103
980 945276
981 476024
982 112921
983 3269
984 837474
985 264297
986 447894
987 819603
988 775939
989 395003
990 542014
991 787506
992 406244
993 636351
994 352779
995 875413
996 562528
997 42877
998 775735
999 404068
1000 500750
1001 313010
1002 323841
1003 558692
1004 785772
1005 668660
1006 736697
1007 195661
1008 441879
1009 463025
1010 606965
1011 915565
1012 670072
1013 26485
1014 940869
1015 774320
1016 99264
1017 766433
1018 533752
1019 292066
1020 864696
1021 214702
1022 340528
1023 917177
1024 315986
1025 801422
1026 807856
1027 21762
1028 447917
1029 377551
1030 766404
1031 198043
1032 146038
1033 426591
1034 767148
1035 835186
1036 551333
1037 31385
1038 198154
1039 67279
1040 606585
1041 792182
1042 603330
1043 469626
1044 562802
1045 340927
1046 11272
1047 757382
1048 636349
1049 942946
1050 892658
1051 13481
1052 433760
1053 15744
1054 423735
1055 88086
1056 346936
1057 585696
1058 819757
1059 106306
1060 90355
1061 623132
1062 597131
1063 972257
1064 455685
1065 486154
1066 161095
1067 233843
1068 327687
1069 20784
1070 234695
1071 182673
1072 996632
1073 132590
1074 435489
1075 6727
1076 852603
1077 301145
1078 62644
1079 729827
1080 20427
1081 757826
1082 626106
1083 492238
1084 332859
1085 109033
1086 281396
1087 22155
1088 14567
1089 546545
1090 531699
1091 380392
1092 409100
1093 445123
1094 929676
1095 832662
1096 202046
1097 871443
1098 114460
1099 8796
1100 630990
1101 100093
1102 117252
1103 979678
1104 709550
1105 699599
1106 177609
1107 45139
1108 189969
1109 677707
1110 250952
1111 544533
1112 835576
1113 889579
1114 327980
1115 931833
1116 138476
1117 759861
1118 703815
1119 395235
1120 294345
1121 960081
1122 457137
1123 34255
1124 509125
1125 142564
1126 858706
1127 762734
1128 363173
1129 52594
1130 909156
1131 802169
1132 377202
1133 229066
1134 95363
1135 625216
1136 318929
1137 233347
1138 93995
1139 153365
1140 445975
1141 604833
1142 83848
1143 695829
1144 413513
1145 983949
1146 552485
1147 719179
1148 176703
1149 538776
1150 697528
1151 880589
1152 908740
1153 715469
1154 382262
1155 553492
1156 833861
1157 656119
1158 965179
1159 175743
1160 367834
1161 407302
1162 493544
1163 399967
1164 70963
1165 310545
1166 744488
1167 107619
1168 483696
1169 20025
1170 379479
1171 636694
1172 843537
1173 246693
1174 218192
1175 983096
1176 213386
1177 160539
1178 957852
1179 573073
1180 503139
1181 988841
1182 889258
1183 415044
1184 883777
1185 588158
1186 569276
1187 860695
1188 899965
1189 17569
1190 482990
1191 814688
1192 235076
1193 541896
1194 401534
1195 398122
1196 201491
1197 203424
1198 51611
1199 801595
1200 76933
1201 542056
1202 450587
1203 258905
1204 920694
1205 155094
1206 620841
1207 772037
1208 346098
1209 273335
1210 625826
1211 852820
1212 339797
1213 109316
1214 918159
1215 187784
1216 875119
1217 392005
1218 760454
1219 742239
1220 114127
1221 740717
1222 78916
1223 499888
1224 108309
1225 616319
1226 97460
1227 278696
1228 345527
1229 802032
1230 739125
1231 5855
1232 334223
1233 257178
1234 287488
1235 499141
1236 825931
1237 818593
1238 592732
1239 353586
1240 743158
1241 425149
1242 56937
1243 527015
1244 469069
1245 155728
1246 316341
1247 851809
1248 763676
1249 510314
1250 482981
1251 60226
1252 171901
1253 653684
1254 745833
1255 224226
1256 683925
1257 173020
1258 246748
1259 396240
1260 477291
1261 681908
1262 326996
1263 953405
1264 521526
1265 6436
1266 326728
1267 843929
1268 445527
1269 902997
1270 156242
1271 900486
1272 470068
1273 235952
1274 341550
1275 302480
1276 84699
1277 256364
1278 377674
1279 458049
1280 20748
1281 305780
1282 154576
1283 249589
1284 538574
1285 672631
1286 309214
1287 96048
1288 34452
1289 969744
1290 412348
1291 374307
1292 985493
1293 811994
1294 433206
1295 794478
1296 622588
1297 551073
1298 404736
1299 614356
1300 862935
1301 683284
1302 305825
1303 521515
1304 684240
1305 365126
1306 6697
1307 413356
1308 599799
1309 345159
1310 514873
1311 612130
1312 342701
1313 909335
1314 489891
1315 600343
1316 512057
1317 16871
1318 46916
1319 629725
1320 326234
1321 316237
1322 676965
1323 412124
1324 897350
1325 833231
1326 812483
1327 52136
1328 545883
1329 738337
1330 252123
1331 828410
1332 650197
1333 166922
1334 621940
1335 913377
1336 737440
1337 787618
1338 38692
1339 570352
1340 911899
1341 910996
1342 604868
1343 353801
1344 55168
1345 887904
1346 707701
1347 825006
1348 367820
1349 365398
1350 922234
1351 883866
1352 931643
1353 414847
1354 691059
1355 1421
1356 809656
1357 403558
1358 633309
1359 50522
1360 351077
1361 796184
1362 38753
1363 598464
1364 491386
1365 408600
1366 748248
1367 110241
1368 922769
1369 323996
1370 581525
1371 570150
1372 625016
1373 63409
1374 822451
1375 259014
1376 786791
1377 291068
1378 38861
1379 411160
1380 85845
1381 454814
1382 930256
1383 947186
1384 435825
1385 205043
1386 646632
1387 553412
1388 26870
1389 109319
1390 493206
1391 815770
1392 995040
1393 256898
1394 469599
1395 563933
1396 638080
1397 516356
1398 232100
1399 830938
1400 366176
1401 924418
1402 811038
1403 64970
1404 728769
1405 414694
1406 462205
1407 264662
1408 912485
1409 576631
1410 35059
1411 259186
1412 159621
1413 618668
1414 57477
1415 272035
1416 37976
1417 211827
1418 676791
1419 435938
1420 406239
1421 443078
1422 672309
1423 949570
1424 97372
1425 9608
1426 931383
1427 859068
1428 696871
1429 849123
1430 228305
1431 923820
1432 562493
1433 206505
1434 484882
1435 992283
1436 234511
1437 278426
1438 248719
1439 715974
1440 266240
1441 915091
1442 178342
1443 105137
1444 987163
1445 768200
1446 354714
1447 355582
1448 847147
1449 898069
1450 181103
1451 920760
1452 409955
1453 347838
1454 125219
1455 975388
1456 225469
1457 981715
1458 189989
1459 115924
1460 248898
1461 905674
1462 566171
1463 409268
1464 56012
1465 747116
1466 668255
1467 164692
1468 268504
1469 684381
1470 635075
1471 136563
1472 623446
1473 373024
1474 291421
1475 228785
1476 344067
1477 314490
1478 623290
1479 268649
1480 572584
1481 20729
1482 576718
1483 541012
1484 864338
1485 827671
1486 711132
1487 657348
1488 199122
1489 949229
1490 138669
1491 2473
1492 801422
1493 404972
1494 679840
1495 619859
1496 765587
1497 628037
1498 135425
1499 519954
1500 122120
1501 709869
1502 589627
1503 221134
1504 452762
1505 475368
1506 248767
1507 946808
1508 438592
1509 532014
1510 214504
1511 532211
1512 108597
1513 491002
1514 975280
1515 358812
1516 926056
1517 124744
1518 162259
1519 791765
1520 914642
1521 976003
1522 97016
1523 795877
1524 571417
1525 57932
1526 901894
1527 938193
1528 454271
1529 735569
1530 947027
1531 531174
1532 759071
1533 627464
1534 371050
1535 550846
1536 437502
1537 646619
1538 488478
1539 391146
1540 48777
1541 863606
1542 442380
1543 841549
1544 513958
1545 238357
1546 285624
1547 643026
1548 755370
1549 962763
1550 290515
1551 971334
1552 188516
1553 981884
1554 160734
1555 490917
1556 601210
1557 530588
1558 620244
1559 632367
1560 843478
1561 314026
1562 703146
1563 277145
1564 279675
1565 369150
1566 791684
1567 531330
1568 266566
1569 30923
1570 824934
1571 72506
1572 241588
1573 666826
1574 109700
1575 138051
1576 885838
1577 578492
1578 242242
1579 457185
1580 396415
1581 356814
1582 932502
1583 821977
1584 120604
1585 939760
1586 102174
1587 943578
1588 706139
1589 98658
1590 798308
1591 289116
1592 871686
1593 273139
1594 972183
1595 672848
1596 842150
1597 806869
1598 469143
1599 53365
1600 194887
1601 191088
1602 62228
1603 729024
1604 174094
1605 901735
1606 647316
1607 528683
1608 628265
1609 585188
1610 859540
1611 657569
1612 364512
1613 489619
1614 132763
1615 212351
1616 476851
1617 201524
1618 321664
1619 549792
1620 754245
1621 493529
1622 358458
1623 344604
1624 597662
1625 749368
1626 395498
1627 360105
1628 540943
1629 349473
1630 566222
1631 376209
1632 873424
1633 186494
1634 908385
1635 960088
1636 476679
1637 260078
1638 366744
1639 553106
1640 615123
1641 966071
1642 811875
1643 801437
1644 440510
1645 154189
1646 65322
1647 936001
1648 591546
1649 452932
1650 349611
1651 959334
1652 778000
1653 439636
1654 928761
1655 212870
1656 248223
1657 421113
1658 967835
1659 758396
1660 742084
1661 356086
1662 519068
1663 733587
1664 948679
1665 529908
1666 690354
1667 145312
1668 718281
1669 235867
1670 326039
1671 298452
1672 747672
1673 942286
1674 239369
1675 465416
1676 172156
1677 262890
1678 193506
1679 366178
1680 289101
1681 797380
1682 399391
1683 324877
1684 418063
1685 383255
1686 452987
1687 511937
1688 910527
1689 77841
1690 993532
1691 775821
1692 375577
1693 865870
1694 253650
1695 162334
1696 931743
1697 523208
1698 369791
1699 148667
1700 453661
1701 637378
1702 308953
1703 861759
1704 406611
1705 632066
1706 479509
1707 474050
1708 582502
1709 922913
1710 168046
1711 583314
1712 325370
1713 468578
1714 471014
1715 586200
1716 199065
1717 912699
1718 163916
1719 887568
1720 368897
1721 943111
1722 218507
1723 680230
1724 684820
1725 144201
1726 390494
1727 53694
1728 836879
1729 472016
1730 359612
1731 307771
1732 352713
1733 40547
1734 417370
1735 660060
1736 298662
1737 438218
1738 224526
1739 538500
1740 585343
1741 578148
1742 963459
1743 475144
1744 848491
1745 672130
1746 505576
1747 289557
1748 137429
1749 369919
1750 419905
1751 934687
1752 586171
1753 251512
1754 638029
1755 630497
1756 933056
1757 545244
1758 937712
1759 927281
1760 89632
1761 279234
1762 641338
1763 208333
1764 911791
1765 683782
1766 777028
1767 88127
1768 197690
1769 939510
1770 604552
1771 805403
1772 607680
1773 717470
1774 752715
1775 309498
1776 379266
1777 56030
1778 90488
1779 442201
1780 181222
1781 153517
1782 904758
1783 716452
1784 329593
1785 579502
1786 480269
1787 367964
1788 566857
1789 190941
1790 972304
1791 927684
1792 204474
1793 917483
1794 683211
1795 743753
1796 247079
1797 304168
1798 856518
1799 23873
1800 80358
1801 785965
1802 696567
1803 815889
1804 919219
1805 649425
1806 20179
1807 279733
1808 811065
1809 310054
1810 215490
1811 902058
1812 982030
1813 213155
1814 690861
1815 380984
1816 441224
1817 430157
1818 865633
1819 568029
1820 336635
1821 966404
1822 809746
1823 543745
1824 731976
1825 280455
1826 659103
1827 959882
1828 469986
1829 415091
1830 899563
1831 681410
1832 156300
1833 98060
1834 959117
1835 374750
1836 168904
1837 843326
1838 412840
1839 522840
1840 929274
1841 394063
1842 579443
1843 802565
1844 498879
1845 235384
1846 665605
1847 375753
1848 252891
1849 571821
1850 641871
1851 351897
1852 874191
1853 331710
1854 161856
1855 50475
1856 975514
1857 913169
1858 468195
1859 184931
1860 144572
1861 525259
1862 970586
1863 311763
1864 292842
1865 869837
1866 92821
1867 829767
1868 628473
1869 336754
1870 829820
1871 110186
1872 950256
1873 895209
1874 947902
1875 512664
1876 934168
1877 20867
1878 821090
1879 759618
1880 645667
1881 630670
1882 894981
1883 458485
1884 227287
1885 450107
1886 782942
1887 173641
1888 977505
1889 121130
1890 55444
1891 944543
1892 327012
1893 799135
1894 113548
1895 251240
1896 334245
1897 875911
1898 826658
1899 261196
1900 643054
1901 709465
1902 250161
1903 510934
1904 579862
1905 14054
1906 61474
1907 631945
1908 501656
1909 553012
1910 907111
1911 112532
1912 253879
1913 437177
1914 635874
1915 576483
1916 851259
1917 132627
1918 104236
1919 477003
1920 275176
1921 958396
1922 532829
1923 162021
1924 687084
1925 658772
1926 124081
1927 817462
1928 815477
1929 582390
1930 130028
1931 81405
1932 788785
1933 123705
1934 798897
1935 28100
1936 91458
1937 679585
1938 594955
1939 520953
1940 526458
1941 258018
1942 947421
1943 542889
1944 313653
1945 626483
1946 162841
1947 336576
1948 557651
1949 99098
1950 356599
1951 972204
1952 925862
1953 594555
1954 601378
1955 143704
1956 211688
1957 827061
1958 434884
1959 553039
1960 570523
1961 561705
1962 350606
1963 544674
1964 237472
1965 930930
1966 551404
1967 707282
1968 923493
1969 293148
1970 667245
1971 866648
1972 377087
1973 956315
1974 119279
1975 292540
1976 655980
1977 992675
1978 599784
1979 463811
1980 919888
1981 55571
1982 681519
1983 451325
1984 301838
1985 560603
1986 773977
1987 849512
1988 990404
1989 312375
1990 614420
1991 316916
1992 735222
1993 911335
1994 777966
1995 667142
1996 828271
1997 344929
1998 576036
1999 218033
2000 296594
2001 601274
2002 402053
2003 783018
2004 729521
2005 5422
2006 496280
2007 439459
2008 344327
2009 96973
2010 110241
2011 590137
2012 635975
2013 88145
2014 730382
2015 42088
2016 154678
2017 373732
2018 898963
2019 948636
2020 583074
2021 834628
2022 978882
2023 723365
2024 644639
2025 176451
2026 132996
2027 56921
2028 346409
2029 681361
2030 715037
2031 207897
2032 350194
2033 197423
2034 39371
2035 946858
2036 663306
2037 134201
2038 154464
2039 198065
2040 456767
2041 629821
2042 287184
2043 227083
2044 348233
2045 873211
2046 252027
2047 485721
2048 449149
2049 41019
2050 484491
2051 160392
2052 469415
2053 192737
2054 817441
2055 428635
2056 124959
2057 276456
2058 483086
2059 154358
2060 508929
2061 663692
2062 603738
2063 629101
2064 298689
2065 152629
2066 97742
2067 268694
2068 89683
2069 468527
2070 141704
2071 317204
2072 512647
2073 26882
2074 218602
2075 398604
2076 420061
2077 204082
2078 168582
2079 637475
2080 466637
2081 942029
2082 323688
2083 380226
2084 80670
2085 73489
2086 730780
2087 765264
2088 679929
2089 935437
2090 83103
2091 382456
2092 157472
2093 295537
2094 428033
2095 537902
2096 107128
2097 275052
2098 87301
2099 598869
2100 11751
2101 248358
2102 810384
2103 75784
2104 43787
2105 838944
2106 728867
2107 434084
2108 169730
2109 334052
2110 639583
2111 689798
2112 678099
2113 590318
2114 920588
2115 90876
2116 913282
2117 801819
2118 582906
2119 224041
2120 71810
2121 116523
2122 642145
2123 707453
2124 158084
2125 799417
2126 920135
2127 866586
2128 186437
2129 498435
2130 273597
2131 968785
2132 116665
2133 736212
2134 13346
2135 376067
2136 810204
2137 355728
2138 295874
2139 421487
2140 61213
2141 635844
2142 614371
2143 618169
2144 886552
2145 773846
2146 216846
2147 558695
2148 224609
2149 532486
2150 566244
2151 283626
2152 796879
2153 960143
2154 516075
2155 109554
2156 508064
2157 121910
2158 92621
2159 668133
2160 608166
2161 899470
2162 992202
2163 867304
2164 199855
2165 817049
2166 663128
2167 434617
2168 160379
2169 983605
2170 143970
2171 820669
2172 352038
2173 77473
2174 372773
2175 349585
2176 139089
2177 574292
2178 119235
2179 315127
2180 810656
2181 383165
2182 880013
2183 87826
2184 955454
2185 726204
2186 325840
2187 463822
2188 149831
2189 505221
2190 210747
2191 333530
2192 338776
2193 844067
2194 14097
2195 52294
2196 921285
2197 789567
2198 154480
2199 570907
2200 36042
2201 877220
2202 12663
2203 736848
2204 698181
2205 14511
2206 554063
2207 153702
2208 908430
2209 765280
2210 327925
2211 423333
2212 365855
2213 8936
2214 521879
2215 470531
2216 16448
2217 240156
2218 501566
2219 331225
2220 991834
2221 625148
2222 503051
2223 281742
2224 993452
2225 762533
2226 461839
2227 397347
2228 393740
2229 848894
2230 150161
2231 593577
2232 121498
2233 325015
2234 101106
2235 354229
2236 215984
2237 798763
2238 174204
2239 756640
2240 44001
2241 89508
2242 965536
2243 29989
2244 924862
2245 118186
2246 692900
2247 828299
2248 976457
2249 342983
2250 252438
2251 159835
2252 636485
2253 795457
2254 110238
2255 622343
2256 609452
2257 53655
2258 776515
2259 273643
2260 103145
2261 760691
2262 230016
2263 284352
2264 637478
2265 388672
2266 688371
2267 29780
2268 501106
2269 703344
2270 131370
2271 677435
2272 992545
2273 914785
2274 506985
2275 702220
2276 886397
2277 429918
2278 315737
2279 340604
2280 413382
2281 845084
2282 462365
2283 396189
2284 315123
2285 738671
2286 772345
2287 290797
2288 938981
2289 617689
2290 235464
2291 966969
2292 660916
2293 226663
2294 903335
2295 479619
2296 279529
2297 296445
2298 929496
2299 547174
2300 104508
2301 664164
2302 699756
2303 287152
2304 788269
2305 768975
2306 510105
2307 49710
2308 119101
2309 572456
2310 166158
2311 37738
2312 934580
2313 484071
2314 11413
2315 6806
2316 530021
2317 423251
2318 754181
2319 156401
2320 761598
2321 518253
2322 520797
2323 629904
2324 888336
2325 441473
2326 484498
2327 249651
2328 800923
2329 90416
2330 327322
2331 30879
2332 965465
2333 337824
2334 511659
2335 90657
2336 312510
2337 253842
2338 647046
2339 131954
2340 649443
2341 423568
2342 117821
2343 216367
2344 519542
2345 386469
2346 23034
2347 909854
2348 903405
2349 467195
2350 509060
2351 602882
2352 716160
2353 273136
2354 838688
2355 269150
2356 732974
2357 341065
2358 331894
2359 675496
2360 740113
2361 27642
2362 380102
2363 20408
2364 301611
2365 975907
2366 527848
2367 731038
2368 322949
2369 837809
2370 536460
2371 150671
2372 431639
2373 391992
2374 334
2375 702745
2376 257110
2377 533321
2378 537072
2379 816979
2380 733524
2381 608040
2382 580806
2383 81649
2384 152293
2385 273997
2386 89447
2387 268026
2388 517125
2389 42389
2390 950122
2391 723522
2392 792703
2393 235219
2394 904899
2395 204725
2396 456017
2397 615691
2398 496212
2399 216690
2400 752342
2401 27617
2402 876466
2403 927377
2404 699617
2405 140363
2406 570599
2407 463586
2408 977219
2409 729703
2410 108540
2411 985291
2412 757735
2413 739266
2414 244042
2415 137702
2416 501389
2417 834988
2418 588377
2419 944113
2420 18283
2421 974537
2422 455483
2423 717610
2424 327965
2425 119244
2426 536761
2427 316805
2428 201296
2429 87252
2430 398690
2431 871048
2432 776790
2433 418895
2434 378397
2435 666109
2436 401006
2437 249553
2438 97440
2439 64592
2440 277174
2441 578142
2442 832195
2443 379499
2444 622631
2445 13114
2446 382765
2447 408201
2448 667144
2449 370270
2450 837409
2451 642060
2452 881653
2453 201284
2454 904738
2455 909011
2456 549876
2457 27693
2458 903676
2459 688356
2460 747
2461 336986
2462 386482
2463 504987
2464 153537
2465 125631
2466 1326
2467 501305
2468 213156
2469 324413
2470 59507
2471 476630
2472 442456
2473 955942
2474 292882
2475 744211
2476 561194
2477 509802
2478 107189
2479 93683
2480 935620
2481 200442
2482 847523
2483 861543
2484 864683
2485 435032
2486 987158
2487 643859
2488 802694
2489 667193
2490 977316
2491 964687
2492 726518
2493 567528
2494 703543
2495 311867
2496 328303
2497 88553
2498 987378
2499 330846
2500 641192
2501 40922
2502 456464
2503 729578
2504 762061
2505 496414
2506 941665
2507 86387
2508 776979
2509 973153
2510 608887
2511 401944
2512 904846
2513 487871
2514 511947
2515 920383
2516 413634
2517 242165
2518 579856
2519 628335
2520 521058
2521 773712
2522 99551
2523 479745
2524 334814
2525 694086
2526 98352
2527 985239
2528 812140
2529 762418
2530 197814
2531 434249
2532 698099
2533 634746
2534 233459
2535 913815
2536 738369
2537 574017
2538 397733
2539 67943
2540 35334
2541 112629
2542 754202
2543 464571
2544 933938
2545 800937
2546 530135
2547 652818
2548 72181
2549 939807
2550 666391
2551 791493
2552 324625
2553 537148
2554 184753
2555 791298
2556 998126
2557 617171
2558 223974
2559 559212
2560 327832
2561 682200
2562 249911
2563 376017
2564 666838
2565 331197
2566 318872
2567 29376
2568 691544
2569 293400
2570 176098
2571 808522
2572 961647
2573 971766
2574 915938
2575 226136
2576 611762
2577 807173
2578 382533
2579 642931
2580 222044
2581 683989
2582 118661
2583 245739
2584 757237
2585 279825
2586 597878
2587 876277
2588 194495
2589 811745
2590 526392
2591 471469
2592 225814
2593 408194
2594 954607
2595 694147
2596 444491
2597 216603
2598 775352
2599 182759
2600 258466
2601 982352
2602 341065
2603 598409
2604 546625
2605 863024
2606 543346
2607 806039
2608 745122
2609 595322
2610 856117
2611 493236
2612 655648
2613 249216
2614 842076
2615 844965
2616 170617
2617 888901
2618 208328
2619 486281
2620 253809
2621 732763
2622 121121
2623 348941
2624 669627
2625 350016
2626 554937
2627 873793
2628 968438
2629 51082
2630 564122
2631 631389
2632 286196
2633 688661
2634 585483
2635 21614
2636 358605
2637 369032
2638 970375
2639 833013
2640 366484
2641 126291
2642 620725
2643 628420
2644 480821
2645 999451
2646 784012
2647 840346
2648 252599
2649 502672
2650 119598
2651 163226
2652 861128
2653 537133
2654 158116
2655 16141
2656 90908
2657 969519
2658 265250
2659 106086
2660 224570
2661 522723
2662 422578
2663 175737
2664 619967
2665 180875
2666 235785
2667 989100
2668 962897
2669 910251
2670 962212
2671 252284
2672 261223
2673 313019
2674 356154
2675 134240
2676 857513
2677 550495
2678 305543
2679 133782
2680 699885
2681 950791
2682 574702
2683 415160
2684 17042
2685 622073
2686 174942
2687 226148
2688 413906
2689 862606
2690 611205
2691 332109
2692 337526
2693 443173
2694 355166
2695 399098
2696 285715
2697 952972
2698 682805
2699 182180
2700 48156
2701 379036
2702 500106
2703 105386
2704 514410
2705 229244
2706 930054
2707 131575
2708 66558
2709 623778
2710 416459
2711 629009
2712 535343
2713 448393
2714 537377
2715 552230
2716 955061
2717 479877
2718 938242
2719 614256
2720 549532
2721 219960
2722 70546
2723 72031
2724 242968
2725 384631
2726 237531
2727 255024
2728 567128
2729 732935
2730 738370
2731 406055
2732 759787
2733 340104
2734 304467
2735 782631
2736 577128
2737 947184
2738 126593
2739 185642
2740 410458
2741 591554
2742 373561
2743 180356
2744 569821
2745 44117
2746 449076
2747 682807
2748 516032
2749 369091
2750 273478
2751 374267
2752 658937
2753 166666
2754 514663
2755 539393
2756 441880
2757 258249
2758 33962
2759 502413
2760 477242
2761 995233
2762 417686
2763 353523
2764 740383
2765 297412
2766 596249
2767 248241
2768 352313
2769 504119
2770 425905
2771 250355
2772 446201
2773 213509
2774 142242
2775 639162
2776 508506
2777 322048
2778 661735
2779 369767
2780 479594
2781 302094
2782 382950
2783 157456
2784 686626
2785 480757
2786 950933
2787 540553
2788 336905
2789 333932
2790 128110
2791 488255
2792 124556
2793 977212
2794 647494
2795 278835
2796 377187
2797 527440
2798 596617
2799 738131
2800 800135
2801 497878
2802 334325
2803 647855
2804 50114
2805 64765
2806 221346
2807 497854
2808 201809
2809 857552
2810 46323
2811 446927
2812 352660
2813 849076
2814 152110
2815 694175
2816 663099
2817 190647
2818 65838
2819 659288
2820 650710
2821 201560
2822 266982
2823 778031
2824 473683
2825 699385
2826 400015
2827 81708
2828 756595
2829 978878
2830 264889
2831 430348
2832 562907
2833 811238
2834 765397
2835 583182
2836 814740
2837 155295
2838 331306
2839 631672
2840 540781
2841 927028
2842 277178
2843 495637
2844 114929
2845 258437
2846 944137
2847 638127
2848 277027
2849 551487
2850 68869
2851 226551
2852 426382
2853 173596
2854 618232
2855 133773
2856 533
2857 489636
2858 752668
2859 301501
2860 825684
2861 738722
2862 774764
2863 588170
2864 109522
2865 965223
2866 971669
2867 694116
2868 277755
2869 240748
2870 465571
2871 638055
2872 497056
2873 971557
2874 292117
2875 481531
2876 421432
2877 393584
2878 382815
2879 133290
2880 216955
2881 900417
2882 337214
2883 575382
2884 109857
2885 629119
2886 440717
2887 339779
2888 742025
2889 511324
2890 373580
2891 521537
2892 260772
2893 564777
2894 228832
2895 675856
2896 899425
2897 601317
2898 527270
2899 136165
2900 482908
2901 324676
2902 805304
2903 273688
2904 807336
2905 314468
2906 428334
2907 51432
2908 762109
2909 986132
2910 623676
2911 603498
2912 782543
2913 890727
2914 361216
2915 80983
2916 214380
2917 799248
2918 868341
2919 375980
2920 240334
2921 795297
2922 932866
2923 683590
2924 543010
2925 984559
2926 111362
2927 947061
2928 66116
2929 592573
2930 861258
2931 702714
2932 372997
2933 852167
2934 997371
2935 489196
2936 802399
2937 632797
2938 734072
2939 990412
2940 78417
2941 705517
2942 613429
2943 264677
2944 265326
2945 604927
2946 490624
2947 485935
2948 66990
2949 493985
2950 307184
2951 438970
2952 881662
2953 275812
2954 939701
2955 812525
2956 741007
2957 460617
2958 979371
2959 5895
2960 120181
2961 283636
2962 841767
2963 480329
2964 514875
2965 94883
2966 295606
2967 561500
2968 880638
2969 682664
2970 956084
2971 339014
2972 336968
2973 545014
2974 837674
2975 859743
2976 599022
2977 46718
2978 981619
2979 10590
2980 137051
2981 270456
2982 945908
2983 310688
2984 129550
2985 330360
2986 505163
2987 651093
2988 500484
2989 122243
2990 891978
2991 840652
2992 171863
2993 359672
2994 910915
2995 539216
2996 656489
2997 227512
2998 65356
2999 823827
3000 126137
3001 778552
3002 702869
3003 670622
3004 560199
3005 24156
3006 56896
3007 116146
3008 779355
3009 511874
3010 844624
3011 748602
3012 446797
3013 542559
3014 879440
3015 574755
3016 152712
3017 323397
3018 530864
3019 704882
3020 740957
3021 563608
3022 78036
3023 830182
3024 173148
3025 844198
3026 270514
3027 158839
3028 615944
3029 595616
3030 151310
3031 493380
3032 571270
3033 526487
3034 283694
3035 28995
3036 814075
3037 707568
3038 530733
3039 426082
3040 553423
3041 338029
3042 992893
3043 847624
3044 563919
3045 132023
3046 345947
3047 180474
3048 347407
3049 653982
3050 823364
3051 197428
3052 559459
3053 208287
3054 342046
3055 222929
3056 679401
3057 725823
3058 618542
3059 88691
3060 2609
3061 674893
3062 608611
3063 96659
3064 603843
3065 311134
3066 723392
3067 25951
3068 652819
3069 540200
3070 230535
3071 249354
3072 878583
3073 533367
3074 191882
3075 975161
3076 676181
3077 760869
3078 577083
3079 854474
3080 254337
3081 807322
3082 634354
3083 435481
3084 841284
3085 740203
3086 708354
3087 588618
3088 630520
3089 713895
3090 936408
3091 344227
3092 270243
3093 221840
3094 297244
3095 992442
3096 18754
3097 36792
3098 452950
3099 599211
3100 520679
3101 498970
3102 540200
3103 738887
3104 650884
3105 784224
3106 309404
3107 569574
3108 248068
3109 985275
3110 761519
3111 860028
3112 370084
3113 910222
3114 126639
3115 84422
3116 77768
3117 100968
3118 803628
3119 742609
3120 651628
3121 623051
3122 826997
3123 37944
3124 602162
3125 115826
3126 839711
3127 492420
3128 214191
3129 622299
3130 175863
3131 930399
3132 610721
3133 60811
3134 945291
3135 88909
3136 203015
3137 341589
3138 366558
3139 376244
3140 759460
3141 70858
3142 621762
3143 604007
3144 353066
3145 290441
3146 265885
3147 853843
3148 891101
3149 553636
3150 477612
3151 642892
3152 373292
3153 886674
3154 903493
3155 745623
3156 128426
3157 392570
3158 441980
3159 79490
3160 32366
3161 749839
3162 410289
3163 23197
3164 680655
3165 987125
3166 210433
3167 105777
3168 71796
3169 286520
3170 889450
3171 768893
3172 26344
3173 309348
3174 104241
3175 591507
3176 124037
3177 539957
3178 638157
3179 93282
3180 766168
3181 312861
3182 162170
3183 759752
3184 271275
3185 699263
3186 728983
3187 907732
3188 975073
3189 969023
3190 77724
3191 223703
3192 744770
3193 367662
3194 206968
3195 441657
3196 325695
3197 924646
3198 544997
3199 501469
3200 535193
3201 674460
3202 61686
3203 356057
3204 603556
3205 276678
3206 682688
3207 228124
3208 361111
3209 582132
3210 693236
3211 798108
3212 489421
3213 241460
3214 468605
3215 418081
3216 525821
3217 287697
3218 806849
3219 765974
3220 645365
3221 559662
3222 535836
3223 295870
3224 681966
3225 446702
3226 542933
3227 708668
3228 208447
3229 322704
3230 257055
3231 409724
3232 418870
3233 58459
3234 177649
3235 372722
3236 769548
3237 532478
3238 774792
3239 969885
3240 889317
3241 242795
3242 913715
3243 525575
3244 794785
3245 113384
3246 523260
3247 612353
3248 400471
3249 811418
3250 121928
3251 335001
3252 233083
3253 284183
3254 831224
3255 78820
3256 7910
3257 491110
3258 890996
3259 864581
3260 745828
3261 166900
3262 395629
3263 624844
3264 672266
3265 891305
3266 896560
3267 357109
3268 593195
3269 260973
3270 772138
3271 320841
3272 464692
3273 825214
3274 409882
3275 721014
3276 716595
3277 943090
3278 541403
3279 794252
3280 640404
3281 391509
3282 732471
3283 909277
3284 967843
3285 466604
3286 478889
3287 376321
3288 138807
3289 302686
3290 465020
3291 685991
3292 753018
3293 29184
3294 881211
3295 63152
3296 214209
3297 306564
3298 797316
3299 612621
3300 582629
3301 353292
3302 183423
3303 178306
3304 452893
3305 188992
3306 440375
3307 954203
3308 149561
3309 881330
3310 139388
3311 132953
3312 390319
3313 768687
3314 912866
3315 605105
3316 592444
3317 125776
3318 131291
3319 219652
3320 306496
3321 499220
3322 640970
3323 64670
3324 544444
3325 934343
3326 624568
3327 947101
3328 548059
3329 778515
3330 734114
3331 954941
3332 416101
3333 431175
3334 390962
3335 25766
3336 902355
3337 832856
3338 358628
3339 565872
3340 115765
3341 177336
3342 885104
3343 748067
3344 131842
3345 90198
3346 347154
3347 437802
3348 72254
3349 657299
3350 78980
3351 171830
3352 766364
3353 286740
3354 53741
3355 46664
3356 991790
3357 542889
3358 133829
3359 212043
3360 646379
3361 161008
3362 492849
3363 244291
3364 254882
3365 312095
3366 520464
3367 473432
3368 511968
3369 481362
3370 485092
3371 224381
3372 238696
3373 707414
3374 586700
3375 415233
3376 140464
3377 325619
3378 873322
3379 434037
3380 136616
3381 206840
3382 114526
3383 229501
3384 149795
3385 985665
3386 869778
3387 31540
3388 39050
3389 150361
3390 109852
3391 635658
3392 605143
3393 605212
3394 248305
3395 202848
3396 138189
3397 415784
3398 924096
3399 646456
3400 993292
3401 675497
3402 405241
3403 892543
3404 924305
3405 569947
3406 819593
3407 244377
3408 962015
3409 811565
3410 278375
3411 279320
3412 152297
3413 234862
3414 259719
3415 822478
3416 461150
3417 810869
3418 735466
3419 631792
3420 174594
3421 3028
3422 529873
3423 190031
3424 567475
3425 856279
3426 322111
3427 17306
3428 960143
3429 612160
3430 776830
3431 920801
3432 327302
3433 867194
3434 193353
3435 704612
3436 749099
3437 246804
3438 191758
3439 830617
3440 408663
3441 425304
3442 644195
3443 652
3444 828959
3445 772761
3446 856056
3447 410942
3448 219273
3449 405638
3450 901308
3451 692403
3452 360284
3453 429996
3454 719437
3455 116393
3456 416910
3457 428912
3458 741497
3459 226610
3460 528763
3461 10666
3462 286065
3463 506765
3464 415662
3465 517754
3466 62082
3467 253417
3468 555266
3469 831150
3470 847299
3471 377831
3472 574451
3473 887280
3474 744175
3475 184328
3476 256668
3477 870403
3478 518502
3479 180295
3480 243537
3481 629553
3482 21883
3483 970564
3484 917610
3485 291731
3486 912606
3487 222512
3488 740199
3489 161839
3490 98813
3491 394833
3492 206984
3493 191015
3494 14534
3495 380171
3496 626533
3497 700166
3498 937803
3499 787665
3500 752827
3501 821667
3502 708298
3503 294878
3504 370356
3505 692537
3506 990639
3507 228898
3508 775430
3509 735070
3510 452542
3511 333673
3512 584414
3513 100258
3514 131581
3515 975546
3516 870859
3517 244980
3518 800456
3519 902744
3520 559636
3521 651191
3522 211844
3523 69216
3524 635712
3525 375338
3526 816492
3527 61197
3528 734911
3529 705342
3530 461741
3531 819387
3532 328824
3533 983184
3534 954954
3535 764475
3536 78892
3537 171055
3538 433042
3539 133280
3540 176760
3541 61817
3542 634507
3543 482111
3544 98579
3545 989156
3546 296128
3547 468730
3548 247318
3549 324095
3550 567845
3551 380739
3552 334922
3553 62792
3554 84896
3555 523364
3556 38907
3557 41738
3558 887187
3559 740878
3560 757495
3561 152256
3562 916883
3563 641551
3564 63535
3565 773704
3566 243989
3567 784735
3568 428234
3569 176984
3570 306948
3571 320037
3572 737281
3573 55226
3574 355186
3575 632369
3576 168544
3577 570988
3578 439882
3579 123799
3580 834507
3581 338778
3582 918474
3583 674806
3584 734557
3585 823347
3586 670671
3587 785592
3588 610701
3589 479256
3590 425606
3591 255255
3592 182092
3593 101984
3594 580669
3595 255824
3596 453724
3597 837846
3598 165351
3599 183352
3600 685874
3601 906799
3602 633795
3603 993806
3604 584356
3605 642575
3606 626712
3607 272408
3608 66827
3609 27343
3610 848919
3611 847075
3612 894440
3613 588215
3614 588219
3615 785928
3616 676761
3617 690547
3618 932917
3619 452439
3620 484542
3621 784237
3622 410513
3623 407184
3624 91542
3625 675659
3626 3463
3627 210498
3628 842919
3629 66689
3630 437186
3631 104455
3632 271814
3633 346344
3634 371438
3635 534878
3636 893750
3637 378408
3638 952740
3639 54531
3640 464647
3641 4049
3642 849894
3643 258022
3644 334925
3645 391629
3646 846749
3647 608438
3648 139936
3649 702068
3650 709860
3651 787325
3652 784372
3653 798105
3654 989753
3655 135798
3656 682187
3657 676326
3658 712809
3659 848559
3660 258725
3661 724025
3662 339100
3663 468104
3664 391286
3665 846792
3666 615468
3667 427946
3668 419323
3669 540513
3670 961896
3671 576171
3672 585153
3673 422493
3674 164688
3675 829899
3676 837886
3677 935230
3678 487426
3679 63354
3680 242646
3681 503484
3682 878426
3683 604375
3684 257839
3685 486546
3686 982853
3687 33630
3688 676863
3689 714702
3690 843468
3691 465930
3692 457162
3693 139012
3694 883694
3695 902456
3696 187005
3697 329512
3698 351327
3699 225997
3700 854757
3701 917306
3702 404514
3703 758342
3704 501188
3705 44832
3706 440831
3707 190574
3708 444723
3709 935580
3710 805485
3711 954362
3712 93137
3713 555089
3714 319229
3715 437393
3716 991535
3717 260091
3718 996896
3719 711388
3720 132425
3721 338851
3722 193231
3723 879854
3724 674043
3725 465243
3726 226388
3727 648576
3728 910949
3729 619838
3730 257188
3731 49372
3732 527310
3733 786620
3734 12651
3735 321740
3736 77572
3737 293114
3738 457712
3739 83490
3740 98699
3741 619356
3742 64495
3743 46462
3744 908388
3745 717614
3746 182354
3747 493992
3748 708268
3749 736113
3750 655675
3751 510386
3752 141806
3753 667754
3754 204520
3755 907443
3756 583378
3757 6212
3758 813522
3759 937910
3760 615680
3761 409746
3762 57625
3763 119970
3764 923604
3765 585905
3766 723382
3767 860511
3768 57934
3769 822313
3770 508568
3771 488792
3772 644364
3773 519527
3774 951097
3775 867265
3776 902690
3777 716862
3778 953916
3779 894888
3780 146365
3781 442225
3782 442133
3783 62640
3784 930604
3785 28794
3786 371765
3787 254380
3788 962804
3789 607193
3790 768736
3791 342415
3792 865182
3793 349439
3794 928063
3795 830617
3796 547442
3797 773826
3798 765385
3799 13660
3800 796058
3801 347256
3802 458251
3803 404604
3804 784002
3805 587930
3806 518037
3807 730957
3808 445756
3809 987245
3810 823395
3811 698339
3812 21007
3813 961087
3814 654080
3815 198605
3816 848200
3817 99143
3818 574565
3819 313779
3820 566059
3821 613521
3822 17639
3823 597341
3824 965246
3825 767832
3826 450008
3827 849592
3828 609663
3829 383278
3830 108793
3831 234132
3832 131773
3833 223470
3834 976779
3835 788470
3836 491115
3837 124258
3838 115461
3839 484901
3840 990366
3841 394221
3842 851764
3843 209747
3844 67596
3845 16617
3846 973195
3847 702581
3848 753411
3849 51055
3850 836630
3851 375198
3852 702479
3853 895281
3854 650754
3855 396673
3856 213374
3857 521953
3858 617060
3859 760301
3860 50015
3861 765794
3862 778338
3863 655535
3864 911366
3865 281925
3866 448674
3867 158940
3868 380939
3869 21448
3870 810509
3871 478915
3872 269541
3873 335648
3874 440386
3875 76418
3876 667147
3877 1608
3878 147308
3879 415771
3880 294670
3881 201070
3882 10506
3883 743809
3884 23522
3885 438402
3886 24740
3887 661228
3888 668217
3889 475242
3890 391707
3891 736113
3892 391077
3893 27374
3894 529774
3895 556531
3896 652532
3897 417692
3898 58067
3899 357330
3900 537987
3901 827484
3902 795177
3903 257190
3904 263247
3905 722039
3906 600702
3907 667474
3908 553720
3909 446759
3910 285960
3911 186994
3912 584740
3913 663115
3914 888074
3915 269728
3916 16337
3917 2160
3918 101904
3919 779407
3920 938552
3921 104760
3922 312894
3923 750354
3924 924193
3925 655706
3926 389580
3927 922877
3928 853853
3929 432498
3930 549599
3931 969616
3932 300626
3933 123600
3934 282469
3935 472879
3936 434631
3937 335719
3938 524692
3939 238918
3940 103878
3941 931097
3942 269251
3943 171055
3944 769961
3945 505523
3946 236839
3947 787500
3948 704349
3949 343085
3950 527993
3951 320607
3952 491778
3953 737303
3954 654387
3955 821455
3956 727453
3957 838807
3958 557943
3959 607121
3960 448804
3961 631197
3962 165094
3963 908505
3964 502685
3965 718887
3966 390825
3967 525325
3968 735791
3969 68898
3970 956127
3971 383869
3972 708177
3973 933821
3974 769961
3975 974774
3976 994018
3977 911947
3978 261998
3979 965733
3980 54887
3981 505275
3982 948256
3983 721283
3984 981954
3985 914426
3986 633904
3987 793250
3988 15699
3989 975055
3990 175025
3991 585960
3992 904298
3993 672137
3994 256019
3995 655646
3996 672093
3997 161315
3998 516833
3999 419964
4000 883075
4001 540643
4002 862590
4003 267934
4004 724689
4005 127542
4006 388958
4007 150664
4008 256257
4009 846189
4010 994283
4011 66900
4012 593837
4013 677112
4014 61804
4015 443672
4016 97361
4017 386363
4018 173035
4019 150445
4020 322559
4021 874644
4022 450513
4023 815250
4024 463759
4025 171443
4026 71720
4027 664011
4028 686550
4029 65152
4030 696222
4031 350868
4032 401910
4033 592754
4034 908289
4035 149754
4036 514555
4037 612936
4038 403888
4039 538276
4040 664517
4041 720931
4042 103596
4043 117288
4044 727326
4045 114396
4046 914241
4047 107174
4048 427600
4049 234867
4050 707941
4051 369227
4052 14517
4053 152431
4054 656440
4055 182671
4056 34723
4057 561201
4058 223441
4059 420418
4060 386229
4061 754796
4062 453136
4063 505956
4064 941163
4065 164558
4066 227647
4067 686695
4068 59566
4069 594793
4070 631141
4071 953190
4072 582503
4073 570371
4074 638414
4075 987110
4076 270441
4077 629870
4078 928575
4079 92380
4080 850215
4081 624948
4082 550837
4083 303040
4084 637015
4085 312197
4086 483302
4087 58054
4088 220975
4089 701546
4090 324129
4091 668224
4092 643507
4093 725009
4094 637684
4095 594854
4096 357034
4097 46595
4098 999671
4099 525700
4100 661782
4101 999488
4102 901103
4103 723670
4104 171684
4105 226770
4106 190985
4107 880765
4108 682979
4109 149163
4110 174417
4111 117767
4112 936858
4113 685514
4114 302249
4115 103515
4116 592582
4117 22312
4118 259446
4119 941359
4120 999212
4121 746663
4122 304014
4123 290167
4124 389730
4125 417561
4126 751785
4127 599415
4128 66485
4129 13220
4130 323109
4131 679296
4132 225179
4133 533844
4134 646686
4135 574969
4136 827724
4137 901
4138 988297
4139 737264
4140 512221
4141 833133
4142 375457
4143 289044
4144 878972
4145 18932
4146 814062
4147 176552
4148 650994
4149 82808
4150 533742
4151 708310
4152 540247
4153 764690
4154 901969
4155 351360
4156 99007
4157 814274
4158 263277
4159 246893
4160 170186
4161 834109
4162 892376
4163 186754
4164 619324
4165 685407
4166 105143
4167 361293
4168 11451
4169 366403
4170 408837
4171 40802
4172 542750
4173 266620
4174 155221
4175 121157
4176 433017
4177 339475
4178 203345
4179 673564
4180 791476
4181 583853
4182 521534
4183 953690
4184 674731
4185 611523
4186 832663
4187 802455
4188 229040
4189 346481
4190 408322
4191 705776
4192 845011
4193 664668
4194 974279
4195 560417
4196 625086
4197 164128
4198 633160
4199 145424
4200 974345
4201 148051
4202 425121
4203 541500
4204 153286
4205 213601
4206 21111
4207 32945
4208 385221
4209 740698
4210 416950
4211 17876
4212 876915
4213 755641
4214 913880
4215 932287
4216 503417
4217 558542
4218 129478
4219 342948
4220 118975
4221 620884
4222 982081
4223 4271
4224 506049
4225 315351
4226 185506
4227 517164
4228 962378
4229 285449
4230 635230
4231 125995
4232 878565
4233 713918
4234 472014
4235 386285
4236 380565
4237 438757
4238 586727
4239 814457
4240 35860
4241 91701
4242 846907
4243 966272
4244 660125
4245 9676
4246 550065
4247 597498
4248 651950
4249 174222
4250 163223
4251 944648
4252 844300
4253 461821
4254 617679
4255 671450
4256 238156
4257 899885
4258 570905
4259 495054
4260 899924
4261 794800
4262 605316
4263 912423
4264 811510
4265 671454
4266 240827
4267 159943
4268 190239
4269 95440
4270 532467
4271 566926
4272 203079
4273 62306
4274 496588
4275 705716
4276 622134
4277 671472
4278 453396
4279 237594
4280 670189
4281 959669
4282 836621
4283 535306
4284 528756
4285 769938
4286 53445
4287 101050
4288 997036
4289 362400
4290 482544
4291 455106
4292 947067
4293 633494
4294 781778
4295 647498
4296 194902
4297 567467
4298 899198
4299 336320
4300 454816
4301 180049
4302 804409
4303 615394
4304 246230
4305 277147
4306 197655
4307 485208
4308 142496
4309 904655
4310 730284
4311 209633
4312 76062
4313 238054
4314 454574
4315 342389
4316 613294
4317 697274
4318 888435
4319 137928
4320 79852
4321 383465
4322 759554
4323 468247
4324 127603
4325 146035
4326 915604
4327 477627
4328 88408
4329 92012
4330 236747
4331 639678
4332 138623
4333 552816
4334 551478
4335 893997
4336 608757
4337 98652
4338 377795
4339 282813
4340 501648
4341 326473
4342 832602
4343 271037
4344 543950
4345 797950
4346 770221
4347 397021
4348 582055
4349 638738
4350 326243
4351 387174
4352 365365
4353 165029
4354 708743
4355 587411
4356 335640
4357 228829
4358 651901
4359 870740
4360 887789
4361 286181
4362 236526
4363 816213
4364 189808
4365 24993
4366 300890
4367 303909
4368 380599
4369 538942
4370 879230
4371 7838
4372 215286
4373 814709
4374 683325
4375 8818
4376 737604
4377 790583
4378 706767
4379 698076
4380 645389
4381 540007
4382 407077
4383 745879
4384 823616
4385 594274
4386 386005
4387 504800
4388 273505
4389 920306
4390 24681
4391 281843
4392 917585
4393 253810
4394 572233
4395 315726
4396 639367
4397 12443
4398 871881
4399 543935
4400 380135
4401 800634
4402 328009
4403 738169
4404 200783
4405 6007
4406 165454
4407 866468
4408 287593
4409 380987
4410 255095
4411 536425
4412 879891
4413 21823
4414 228136
4415 657564
4416 795124
4417 286366
4418 678502
4419 494293
4420 471661
4421 932439
4422 564921
4423 666234
4424 418325
4425 877080
4426 531223
4427 383446
4428 407206
4429 255649
4430 527710
4431 913766
4432 255647
4433 946547
4434 554083
4435 492758
4436 275624
4437 985592
4438 474219
4439 268496
4440 413279
4441 653058
4442 47163
4443 479342
4444 325486
4445 820695
4446 652253
4447 589256
4448 539626
4449 6118
4450 687626
4451 139016
4452 890677
4453 623681
4454 521910
4455 340374
4456 428273
4457 36034
4458 863290
4459 62022
4460 315231
4461 106114
4462 865954
4463 589888
4464 106330
4465 198317
4466 562162
4467 39275
4468 487892
4469 668413
4470 832561
4471 342635
4472 689332
4473 268525
4474 105181
4475 515067
4476 539533
4477 46014
4478 4828
4479 231227
4480 554344
4481 968558
4482 912751
4483 344071
4484 605209
4485 913298
4486 697874
4487 690414
4488 59701
4489 831994
4490 55234
4491 603654
4492 807475
4493 879179
4494 947075
4495 874147
4496 122821
4497 363921
4498 553352
4499 236912
4500 778763
4501 371677
4502 69902
4503 739685
4504 456770
4505 379822
4506 266564
4507 857525
4508 107963
4509 753563
4510 259036
4511 919390
4512 161784
4513 518404
4514 735756
4515 134416
4516 70027
4517 637112
4518 395879
4519 228375
4520 669701
4521 314884
4522 531209
4523 792393
4524 877250
4525 773242
4526 161274
4527 914972
4528 747266
4529 894098
4530 497571
4531 414339
4532 477051
4533 78798
4534 564189
4535 51036
4536 378529
4537 296863
4538 784675
4539 911196
4540 613452
4541 335449
4542 209323
4543 780350
4544 867067
4545 688439
4546 706336
4547 737902
4548 468069
4549 844654
4550 981022
4551 495989
4552 425519
4553 214470
4554 278854
4555 676596
4556 701331
4557 855384
4558 333621
4559 401255
4560 852914
4561 67687
4562 756751
4563 282825
4564 125774
4565 894749
4566 47224
4567 323827
4568 639568
4569 407731
4570 605344
4571 896150
4572 560620
4573 226423
4574 133176
4575 99103
4576 984791
4577 136804
4578 128091
4579 453471
4580 640520
4581 537718
4582 554899
4583 316197
4584 764425
4585 175486
4586 401201
4587 211531
4588 481179
4589 613402
4590 567473
4591 728879
4592 443246
4593 805866
4594 258815
4595 884509
4596 140753
4597 192823
4598 773272
4599 173771
4600 291508
4601 853266
4602 819165
4603 633233
4604 758264
4605 426624
4606 441182
4607 409408
4608 35422
4609 963187
4610 445400
4611 804503
4612 98933
4613 350322
4614 243356
4615 892295
4616 248115
4617 996691
4618 94368
4619 312142
4620 991183
4621 574247
4622 326168
4623 139917
4624 370631
4625 615295
4626 722445
4627 75828
4628 801245
4629 952794
4630 550954
4631 995639
4632 241790
4633 455565
4634 789584
4635 989405
4636 658624
4637 340713
4638 815361
4639 806798
4640 411218
4641 903922
4642 931068
4643 477325
4644 619371
4645 670080
4646 597519
4647 254747
4648 311641
4649 373807
4650 551030
4651 815973
4652 333943
4653 488868
4654 252999
4655 334472
4656 574520
4657 160170
4658 432620
4659 46103
4660 72604
4661 790494
4662 138417
4663 771391
4664 387380
4665 400383
4666 456759
4667 483248
4668 153676
4669 433430
4670 335784
4671 984261
4672 811687
4673 405996
4674 174765
4675 544877
4676 918590
4677 700971
4678 608108
4679 555645
4680 406876
4681 646387
4682 289676
4683 856240
4684 402579
4685 583467
4686 229478
4687 55184
4688 339161
4689 963183
4690 66941
4691 371281
4692 760975
4693 178787
4694 501790
4695 975970
4696 392995
4697 173444
4698 317205
4699 550615
4700 328457
4701 201539
4702 95474
4703 490568
4704 948572
4705 79956
4706 872240
4707 475525
4708 912243
4709 967527
4710 833030
4711 710832
4712 40508
4713 48569
4714 409642
4715 145073
4716 550075
4717 377152
4718 171871
4719 144390
4720 70857
4721 735382
4722 72740
4723 102833
4724 500018
4725 359953
4726 436915
4727 80750
4728 613861
4729 250658
4730 579222
4731 970442
4732 671428
4733 962195
4734 803582
4735 711260
4736 20367
4737 31733
4738 415317
4739 427044
4740 55124
4741 760414
4742 138255
4743 889680
4744 206565
4745 963752
4746 271931
4747 666897
4748 965651
4749 566003
4750 66017
4751 573936
4752 94746
4753 834946
4754 94965
4755 391806
4756 69667
4757 449479
4758 54367
4759 154644
4760 663009
4761 42242
4762 994100
4763 950719
4764 241857
4765 957710
4766 876852
4767 72294
4768 456369
4769 573360
4770 782670
4771 325744
4772 263439
4773 23428
4774 551973
4775 352517
4776 713470
4777 683165
4778 105805
4779 281985
4780 258168
4781 473543
4782 740437
4783 947651
4784 971116
4785 354860
4786 954845
4787 148034
4788 546913
4789 231260
4790 627747
4791 62860
4792 123093
4793 590748
4794 863107
4795 374613
4796 294243
4797 276722
4798 519360
4799 966343
4800 430259
4801 812607
4802 231386
4803 230763
4804 919109
4805 181894
4806 732031
4807 135723
4808 905635
4809 168355
4810 41169
4811 740155
4812 746563
4813 567610
4814 877708
4815 976477
4816 831253
4817 339498
4818 679347
4819 234507
4820 788626
4821 144192
4822 305264
4823 763320
4824 902746
4825 522999
4826 720264
4827 706749
4828 859767
4829 91780
4830 290541
4831 901750
4832 643207
4833 621513
4834 289303
4835 483509
4836 456103
4837 412475
4838 546650
4839 84472
4840 279573
4841 317569
4842 66732
4843 604634
4844 957317
4845 543646
4846 764134
4847 426250
4848 232814
4849 630113
4850 81398
4851 696889
4852 746405
4853 960191
4854 184591
4855 200737
4856 737464
4857 755931
4858 190889
4859 59644
4860 784772
4861 713325
4862 661492
4863 374142
4864 876524
4865 483832
4866 548132
4867 142262
4868 28805
4869 854379
4870 268429
4871 733131
4872 494554
4873 236055
4874 413944
4875 586068
4876 828952
4877 474378
4878 277690
4879 38143
4880 34742
4881 839233
4882 390904
4883 528201
4884 113455
4885 653601
4886 251010
4887 298338
4888 335023
4889 456337
4890 525934
4891 920304
4892 726279
4893 960085
4894 59557
4895 960699
4896 813830
4897 721379
4898 757357
4899 201929
4900 762409
4901 261981
4902 881625
4903 533324
4904 277786
4905 10255
4906 866724
4907 786696
4908 123563
4909 525921
4910 614245
4911 921762
4912 791698
4913 953964
4914 436539
4915 468655
4916 803504
4917 962021
4918 678832
4919 547257
4920 665427
4921 754525
4922 312096
4923 36971
4924 604533
4925 345873
4926 901199
4927 137080
4928 632760
4929 599288
4930 718925
4931 98961
4932 85350
4933 598846
4934 2715
4935 929642
4936 724126
4937 485917
4938 496959
4939 354677
4940 545376
4941 740273
4942 252077
4943 920900
4944 168039
4945 68196
4946 878322
4947 340644
4948 761745
4949 138529
4950 996098
4951 693573
4952 895386
4953 711874
4954 857713
4955 966029
4956 12578
4957 582786
4958 113142
4959 317001
4960 866203
4961 810171
4962 482702
4963 1419
4964 643760
4965 73161
4966 914241
4967 783013
4968 490325
4969 550106
4970 325795
4971 48572
4972 66342
4973 384224
4974 654655
4975 451946
4976 871314
4977 743717
4978 990971
4979 418892
4980 607810
4981 395316
4982 612568
4983 23008
4984 467325
4985 42302
4986 754442
4987 779065
4988 82865
4989 900825
4990 641807
4991 614476
4992 33068
4993 837189
4994 342729
4995 384202
4996 297960
4997 114571
4998 211933
4999 641731
5000 383806
5001 417124
5002 410700
5003 211988
5004 958759
5005 364673
5006 211716
5007 314948
5008 605304
5009 500238
5010 498040
5011 335755
5012 610777
5013 538731
5014 210983
5015 743284
5016 822926
5017 87637
5018 114711
5019 430088
5020 310890
5021 683903
5022 451021
5023 828710
5024 538582
5025 696020
5026 134243
5027 389429
5028 700982
5029 792425
5030 565120
5031 360138
5032 845968
5033 418333
5034 858311
5035 658367
5036 34927
5037 210344
5038 918611
5039 977341
5040 542580
5041 934317
5042 956839
5043 21686
5044 496208
5045 295721
5046 501618
5047 964136
5048 271204
5049 546898
5050 984963
5051 282905
5052 835867
5053 922273
5054 508007
5055 151646
5056 344123
5057 555745
5058 331487
5059 471975
5060 959121
5061 175421
5062 90413
5063 564961
5064 830026
5065 795891
5066 263067
5067 965947
5068 593835
5069 119913
5070 293942
5071 830319
5072 816604
5073 967191
5074 194132
5075 180845
5076 585214
5077 831688
5078 840101
5079 774971
5080 501104
5081 459477
5082 434671
5083 298645
5084 678426
5085 981355
5086 257662
5087 98176
5088 906582
5089 738632
5090 446303
5091 830168
5092 874520
5093 132666
5094 838675
5095 469310
5096 573378
5097 385
5098 71616
5099 682864
5100 574876
5101 576542
5102 35477
5103 917873
5104 533352
5105 721517
5106 292616
5107 801879
5108 765561
5109 959747
5110 208531
5111 920202
5112 238641
5113 942232
5114 821145
5115 383456
5116 435347
5117 186976
5118 85109
5119 159002
5120 887250
5121 598828
5122 227499
5123 121640
5124 269786
5125 76137
5126 895276
5127 534331
5128 764511
5129 992380
5130 373010
5131 942420
5132 418597
5133 28816
5134 914341
5135 638482
5136 802479
5137 527020
5138 628188
5139 203843
5140 794796
5141 541391
5142 59866
5143 572220
5144 548566
5145 180483
5146 730107
5147 396337
5148 931326
5149 727004
5150 266533
5151 676151
5152 130249
5153 779958
5154 161006
5155 964333
5156 894633
5157 144550
5158 593617
5159 478508
5160 604425
5161 47866
5162 614672
5163 988502
5164 134476
5165 138090
5166 407497
5167 919455
5168 288000
5169 555041
5170 457982
5171 117293
5172 435410
5173 578564
5174 525594
5175 702033
5176 280560
5177 172916
5178 92061
5179 317146
5180 327766
5181 369404
5182 908301
5183 441156
5184 410485
5185 351633
5186 770809
5187 722662
5188 414567
5189 328632
5190 341948
5191 134632
5192 262604
5193 567615
5194 744158
5195 111164
5196 75737
5197 92238
5198 568502
5199 363943
5200 778517
5201 581997
5202 559200
5203 300522
5204 922036
5205 497135
5206 486688
5207 547558
5208 159966
5209 730394
5210 974433
5211 74752
5212 188606
5213 496688
5214 374359
5215 515883
5216 451132
5217 324855
5218 220662
5219 78835
5220 981589
5221 37805
5222 563460
5223 654422
5224 227503
5225 390446
5226 276686
5227 492355
5228 921188
5229 485813
5230 636548
5231 870588
5232 276971
5233 381747
5234 418712
5235 190959
5236 260666
5237 121788
5238 7838
5239 679570
5240 23050
5241 228671
5242 549501
5243 535344
5244 3180
5245 956775
5246 701911
5247 776021
5248 710653
5249 46343
5250 716585
5251 889330
5252 886938
5253 608271
5254 249662
5255 560798
5256 51581
5257 110392
5258 788455
5259 461811
5260 364095
5261 266606
5262 883779
5263 225846
5264 109922
5265 246860
5266 473445
5267 91726
5268 859915
5269 842306
5270 634971
5271 165306
5272 696788
5273 615016
5274 738099
5275 150904
5276 666103
5277 230262
5278 505381
5279 677224
5280 439348
5281 971749
5282 210143
5283 826524
5284 795861
5285 252507
5286 627035
5287 147814
5288 990851
5289 897778
5290 335745
5291 663102
5292 8091
5293 248623
5294 200897
5295 168959
5296 556366
5297 138794
5298 901553
5299 393342
5300 994304
5301 471271
5302 56045
5303 329725
5304 23192
5305 168742
5306 29106
5307 767830
5308 414193
5309 414092
5310 868658
5311 743913
5312 505434
5313 317795
5314 902504
5315 305486
5316 64420
5317 950165
5318 436971
5319 728252
5320 38975
5321 324199
5322 299792
5323 629836
5324 970104
5325 691454
5326 921045
5327 429578
5328 496083
5329 966979
5330 464364
5331 330597
5332 599579
5333 293166
5334 625129
5335 614426
5336 528162
5337 515637
5338 974720
5339 95715
5340 720421
5341 521639
5342 725613
5343 280730
5344 490657
5345 93304
5346 49276
5347 195917
5348 638322
5349 780375
5350 328991
5351 228863
5352 855876
5353 691412
5354 157452
5355 272011
5356 690331
5357 446062
5358 381966
5359 238052
5360 577508
5361 496804
5362 899111
5363 774567
5364 900062
5365 804887
5366 249761
5367 34225
5368 234873
5369 396309
5370 861502
5371 336282
5372 644895
5373 599187
5374 228913
5375 806652
5376 555436
5377 9144
5378 566134
5379 819253
5380 33786
5381 195460
5382 867249
5383 633268
5384 90895
5385 364125
5386 677639
5387 772540
5388 449233
5389 166967
5390 726454
5391 808366
5392 405148
5393 386518
5394 362447
5395 559800
5396 368032
5397 647651
5398 141589
5399 731378
5400 121689
5401 688435
5402 57214
5403 472482
5404 142873
5405 158827
5406 607100
5407 711760
5408 573532
5409 767079
5410 935217
5411 730924
5412 900440
5413 736054
5414 650308
5415 772518
5416 600470
5417 606705
5418 43552
5419 393911
5420 91564
5421 90842
5422 441080
5423 293739
5424 246512
5425 853026
5426 424734
5427 846647
5428 515135
5429 230325
5430 930296
5431 127473
5432 724611
5433 182906
5434 533429
5435 717742
5436 829810
5437 427754
5438 9960
5439 636663
5440 36263
5441 227523
5442 912317
5443 787762
5444 666248
5445 687625
5446 44206
5447 963310
5448 60347
5449 423777
5450 400676
5451 695024
5452 457435
5453 881515
5454 133197
5455 714879
5456 758590
5457 466601
5458 115118
5459 18753
5460 15832
5461 544151
5462 640801
5463 172967
5464 384258
5465 613898
5466 63929
5467 625365
5468 703432
5469 913970
5470 842174
5471 74580
5472 226228
5473 956199
5474 534838
5475 575
5476 764472
5477 178408
5478 28801
5479 993853
5480 472331
5481 904741
5482 330571
5483 658169
5484 20402
5485 41377
5486 46233
5487 360888
5488 233853
5489 574499
5490 517390
5491 615707
5492 662868
5493 668877
5494 33742
5495 194391
5496 637373
5497 442830
5498 598879
5499 358099
5500 322844
5501 788394
5502 85248
5503 696078
5504 160587
5505 649712
5506 930550
5507 671873
5508 942659
5509 218740
5510 657392
5511 957395
5512 65554
5513 572191
5514 750432
5515 226167
5516 232592
5517 389196
5518 813260
5519 162834
5520 865782
5521 853476
5522 416615
5523 800847
5524 654786
5525 470304
5526 809244
5527 839197
5528 252867
5529 896238
5530 314782
5531 617852
5532 944670
5533 583383
5534 107718
5535 896464
5536 803851
5537 940016
5538 427108
5539 318747
5540 153665
5541 181806
5542 629630
5543 433412
5544 92286
5545 234240
5546 738445
5547 749668
5548 76856
5549 104333
5550 948843
5551 539964
5552 533941
5553 491220
5554 496556
5555 864217
5556 715455
5557 989226
5558 173969
5559 618276
5560 412393
5561 757556
5562 840224
5563 735566
5564 116224
5565 707650
5566 463652
5567 65838
5568 50218
5569 77799
5570 462370
5571 880910
5572 528705
5573 225787
5574 477703
5575 516438
5576 18274
5577 840752
5578 784910
5579 844600
5580 325958
5581 837373
5582 579179
5583 218593
5584 608563
5585 496678
5586 587871
5587 260682
5588 545647
5589 21786
5590 271437
5591 546121
5592 535445
5593 412799
5594 157386
5595 421246
5596 225709
5597 277596
5598 179415
5599 81797
5600 975432
5601 994770
5602 795479
5603 713889
5604 932442
5605 157416
5606 865808
5607 192567
5608 607608
5609 843477
5610 969155
5611 159782
5612 8786
5613 387155
5614 910506
5615 523628
5616 274688
5617 639303
5618 467096
5619 683208
5620 106632
5621 391234
5622 975642
5623 378653
5624 248998
5625 650154
5626 679351
5627 674150
5628 509450
5629 765046
5630 28731
5631 524796
5632 858174
5633 244847
5634 518738
5635 867380
5636 600100
5637 236939
5638 502896
5639 563603
5640 402125
5641 560100
5642 562227
5643 554685
5644 583606
5645 444213
5646 935803
5647 642766
5648 875811
5649 517193
5650 706404
5651 671284
5652 235809
5653 411095
5654 547941
5655 948696
5656 1670
5657 713478
5658 3185
5659 353133
5660 16161
5661 961390
5662 296014
5663 116172
5664 470993
5665 324259
5666 370263
5667 148750
5668 356607
5669 424487
5670 168708
5671 418867
5672 95338
5673 42188
5674 555361
5675 187356
5676 318340
5677 900618
5678 879762
5679 363339
5680 777079
5681 254148
5682 74149
5683 254511
5684 94372
5685 39736
5686 657225
5687 99121
5688 822424
5689 109701
5690 838797
5691 907139
5692 28236
5693 758130
5694 527986
5695 878814
5696 140751
5697 870552
5698 847417
5699 471705
5700 917782
5701 567847
5702 353087
5703 654660
5704 300901
5705 947050
5706 614240
5707 12492
5708 377875
5709 226229
5710 882048
5711 781815
5712 248011
5713 325624
5714 986191
5715 131339
5716 946999
5717 226346
5718 263374
5719 713630
5720 723791
5721 670136
5722 613588
5723 765864
5724 440079
5725 243837
5726 773580
5727 520498
5728 78620
5729 240499
5730 621022
5731 990105
5732 773534
5733 31645
5734 8570
5735 41388
5736 215604
5737 913496
5738 959028
5739 189676
5740 118407
5741 411355
5742 418843
5743 485959
5744 864745
5745 13602
5746 508003
5747 882971
5748 773582
5749 948321
5750 863990
5751 345210
5752 249636
5753 365695
5754 252877
5755 890567
5756 593458
5757 617508
5758 812116
5759 539870
5760 479593
5761 966916
5762 750360
5763 516944
5764 153110
5765 267932
5766 916266
5767 838331
5768 676896
5769 941506
5770 670185
5771 901770
5772 88812
5773 975814
5774 962657
5775 709650
5776 931828
5777 990353
5778 407557
5779 722413
5780 212977
5781 440054
5782 604414
5783 942235
5784 667447
5785 376012
5786 636103
5787 985031
5788 69897
5789 418339
5790 869760
5791 555095
5792 891536
5793 594389
5794 198945
5795 728480
5796 572363
5797 828178
5798 165011
5799 756086
5800 114944
5801 275812
5802 920067
5803 83454
5804 239055
5805 544405
5806 380439
5807 960351
5808 423527
5809 531121
5810 758989
5811 278685
5812 338796
5813 113130
5814 751023
5815 172229
5816 305154
5817 912470
5818 228820
5819 866699
5820 940096
5821 571889
5822 324275
5823 355155
5824 353765
5825 393903
5826 151089
5827 653524
5828 463056
5829 316672
5830 243805
5831 766646
5832 899221
5833 293371
5834 630306
5835 559933
5836 835619
5837 488784
5838 569955
5839 619237
5840 944677
5841 855705
5842 597055
5843 916186
5844 767227
5845 667930
5846 27808
5847 843281
5848 532488
5849 295137
5850 390464
5851 497941
5852 970379
5853 752667
5854 898035
5855 173802
5856 805163
5857 456376
5858 629235
5859 947884
5860 384197
5861 785326
5862 247531
5863 261151
5864 579624
5865 894760
5866 54965
5867 95796
5868 583980
5869 135746
5870 834453
5871 13981
5872 211054
5873 98942
5874 122355
5875 89220
5876 596876
5877 896640
5878 316234
5879 923121
5880 886864
5881 783608
5882 857903
5883 177504
5884 286182
5885 563116
5886 839335
5887 686177
5888 261818
5889 665107
5890 912081
5891 453964
5892 315404
5893 69890
5894 695958
5895 55289
5896 522125
5897 899465
5898 789489
5899 854028
5900 458098
5901 41915
5902 495610
5903 464194
5904 549289
5905 410113
5906 957350
5907 231671
5908 680656
5909 677664
5910 218380
5911 655846
5912 843796
5913 661749
5914 904771
5915 392094
5916 992562
5917 29002
5918 591978
5919 228073
5920 264201
5921 47118
5922 253486
5923 545527
5924 532299
5925 567569
5926 466021
5927 742353
5928 438957
5929 945084
5930 705416
5931 765185
5932 736952
5933 834837
5934 244757
5935 799522
5936 916306
5937 681237
5938 953152
5939 681843
5940 729697
5941 661451
5942 983363
5943 276311
5944 731846
5945 76356
5946 676580
5947 828133
5948 251746
5949 911213
5950 453139
5951 737863
5952 93866
5953 3416
5954 402149
5955 757601
5956 563941
5957 956047
5958 337381
5959 893955
5960 313319
5961 390435
5962 310894
5963 306717
5964 748097
5965 120484
5966 732389
5967 850397
5968 938289
5969 404284
5970 47102
5971 142447
5972 749288
5973 147717
5974 297039
5975 822165
5976 292103
5977 129707
5978 201616
5979 43660
5980 317703
5981 333968
5982 719516
5983 921082
5984 259694
5985 918148
5986 422074
5987 201554
5988 732282
5989 353919
5990 651272
5991 608399
5992 218627
5993 722566
5994 36955
5995 192455
5996 818258
5997 957158
5998 895952
5999 411451
6000 469190
6001 157285
6002 671120
6003 175750
6004 306853
6005 654082
6006 434989
6007 543558
6008 382193
6009 726036
6010 577616
6011 300395
6012 27758
6013 229420
6014 821759
6015 137660
6016 753652
6017 646675
6018 313822
6019 265318
6020 773657
6021 422528
6022 582627
6023 906701
6024 532289
6025 967675
6026 949590
6027 472249
6028 930953
6029 395808
6030 525915
6031 177577
6032 168759
6033 219358
6034 210847
6035 233881
6036 131958
6037 676109
6038 278786
6039 410487
6040 324816
6041 671902
6042 834222
6043 55956
6044 251223
6045 98679
6046 947183
6047 511822
6048 576100
6049 382540
6050 936533
6051 98770
6052 42309
6053 909207
6054 525481
6055 476281
6056 44008
6057 605937
6058 387591
6059 541766
6060 591149
6061 586746
6062 570124
6063 152656
6064 600109
6065 814630
6066 15563
6067 724288
6068 548346
6069 138753
6070 695538
6071 217811
6072 400827
6073 530466
6074 971223
6075 616232
6076 795076
6077 589232
6078 650758
6079 764634
6080 30617
6081 403351
6082 730736
6083 384271
6084 795938
6085 131931
6086 91663
6087 262293
6088 458624
6089 490234
6090 26185
6091 562442
6092 396943
6093 952778
6094 676429
6095 30928
6096 346812
6097 485076
6098 458882
6099 610356
6100 238008
6101 39210
6102 780723
6103 787920
6104 986831
6105 729678
6106 672572
6107 447919
6108 266654
6109 388772
6110 954383
6111 269210
6112 288364
6113 195568
6114 741941
6115 892362
6116 63286
6117 905371
6118 222761
6119 406629
6120 793482
6121 268793
6122 866440
6123 791586
6124 818284
6125 928735
6126 473604
6127 51033
6128 649528
6129 92252
6130 550239
6131 47183
6132 837282
6133 781178
6134 464290
6135 771055
6136 837325
6137 424366
6138 196190
6139 651199
6140 393392
6141 935438
6142 434442
6143 828576
6144 721976
6145 458195
6146 445007
6147 322613
6148 593758
6149 408357
6150 915375
6151 34563
6152 170332
6153 811733
6154 650460
6155 322654
6156 682721
6157 767407
6158 90542
6159 822700
6160 62162
6161 947945
6162 597147
6163 552500
6164 864984
6165 700525
6166 980059
6167 543289
6168 11359
6169 612237
6170 939543
6171 92588
6172 299582
6173 444451
6174 797640
6175 676187
6176 508986
6177 485378
6178 869300
6179 929631
6180 389059
6181 492747
6182 59647
6183 389064
6184 501762
6185 141511
6186 202357
6187 735661
6188 868178
6189 911896
6190 413726
6191 626091
6192 627552
6193 573724
6194 418241
6195 212768
6196 482570
6197 282355
6198 698387
6199 702164
6200 943735
6201 3776
6202 181014
6203 697935
6204 240173
6205 751165
6206 445121
6207 199101
6208 4782
6209 427911
6210 524622
6211 434224
6212 316882
6213 933700
6214 891075
6215 812758
6216 572160
6217 367281
6218 195004
6219 157764
6220 702770
6221 434361
6222 582996
6223 683809
6224 72693
6225 589398
6226 607106
6227 424408
6228 586330
6229 569489
6230 822122
6231 659983
6232 160741
6233 146061
6234 497038
6235 405577
6236 291593
6237 470520
6238 524865
6239 883815
6240 385092
6241 933645
6242 627925
6243 719718
6244 306608
6245 121358
6246 555605
6247 77546
6248 13211
6249 123158
6250 842571
6251 233994
6252 571642
6253 41177
6254 225581
6255 905552
6256 523489
6257 230380
6258 346878
6259 670209
6260 731613
6261 262349
6262 445840
6263 834756
6264 140400
6265 300473
6266 355037
6267 279648
6268 499611
6269 972907
6270 972369
6271 984749
6272 58001
6273 666812
6274 130815
6275 813435
6276 627054
6277 693934
6278 288008
6279 561889
6280 673919
6281 10385
6282 18842
6283 508146
6284 230845
6285 144501
6286 928423
6287 605434
6288 239032
6289 993960
6290 275634
6291 830872
6292 389082
6293 10250
6294 478360
6295 938808
6296 817273
6297 574322
6298 382121
6299 283552
6300 984221
6301 676429
6302 39607
6303 415388
6304 345503
6305 206240
6306 47820
6307 653325
6308 746240
6309 612203
6310 703537
6311 775729
6312 885165
6313 543409
6314 301314
6315 713824
6316 328235
6317 500240
6318 448779
6319 691951
6320 865424
6321 914478
6322 902558
6323 531730
6324 33004
6325 394090
6326 928539
6327 865039
6328 231774
6329 806377
6330 809578
6331 213584
6332 501567
6333 155575
6334 812276
6335 362088
6336 934579
6337 822492
6338 585455
6339 139755
6340 273196
6341 175403
6342 702863
6343 733088
6344 118797
6345 99865
6346 441073
6347 475646
6348 631417
6349 912425
6350 163101
6351 830617
6352 709116
6353 967413
6354 74895
6355 24607
6356 561565
6357 100461
6358 54355
6359 670840
6360 824025
6361 706296
6362 593146
6363 292709
6364 962890
6365 566306
6366 215315
6367 120525
6368 597809
6369 633895
6370 572062
6371 972450
6372 481792
6373 478543
6374 490295
6375 672309
6376 541247
6377 374460
6378 758457
6379 920600
6380 462704
6381 504000
6382 254204
6383 79241
6384 529790
6385 102366
6386 995674
6387 104843
6388 549224
6389 787154
6390 875260
6391 159668
6392 872245
6393 747973
6394 709062
6395 924505
6396 410514
6397 887530
6398 6713
6399 654815
6400 683515
6401 641486
6402 688428
6403 772598
6404 916605
6405 811110
6406 205279
6407 623957
6408 961685
6409 836770
6410 964498
6411 699561
6412 841121
6413 54003
6414 136710
6415 495871
6416 352764
6417 404960
6418 292228
6419 563475
6420 831089
6421 140072
6422 547827
6423 560275
6424 575661
6425 316780
6426 125894
6427 107248
6428 950859
6429 479002
6430 259592
6431 379276
6432 875436
6433 142863
6434 999189
6435 990106
6436 580816
6437 497195
6438 667182
6439 326380
6440 674695
6441 692941
6442 908142
6443 918959
6444 831431
6445 901166
6446 620774
6447 219392
6448 800936
6449 887641
6450 635481
6451 674570
6452 919334
6453 621556
6454 104670
6455 803593
6456 281957
6457 610723
6458 952156
6459 8169
6460 144485
6461 455620
6462 832581
6463 662858
6464 721930
6465 24935
6466 285016
6467 96011
6468 206141
6469 677008
6470 733351
6471 988918
6472 697495
6473 851292
6474 749256
6475 482610
6476 600199
6477 913915
6478 314094
6479 522775
6480 446249
6481 409387
6482 410029
6483 217717
6484 751641
6485 410111
6486 56646
6487 897279
6488 359256
6489 795501
6490 259703
6491 197852
6492 353171
6493 378127
6494 328457
6495 556221
6496 434716
6497 435588
6498 675577
6499 560053
6500 104784
6501 529818
6502 770462
6503 402781
6504 901676
6505 391833
6506 57414
6507 343699
6508 678881
6509 26778
6510 762198
6511 338992
6512 680698
6513 224320
6514 934987
6515 535674
6516 271674
6517 31540
6518 358340
6519 897911
6520 212626
6521 913475
6522 82903
6523 44803
6524 544019
6525 760226
6526 41078
6527 241477
6528 457137
6529 334250
6530 83284
6531 113398
6532 103432
6533 438284
6534 739142
6535 899568
6536 539482
6537 39678
6538 336459
6539 166917
6540 933948
6541 843196
6542 827016
6543 759577
6544 606863
6545 659230
6546 735634
6547 127173
6548 341586
6549 181483
6550 236833
6551 980844
6552 945123
6553 46536
6554 93601
6555 770163
6556 50595
6557 892091
6558 390598
6559 704576
6560 301960
6561 421365
6562 937824
6563 796521
6564 59276
6565 594202
6566 391873
6567 657453
6568 664612
6569 142377
6570 474855
6571 900760
6572 744042
6573 804747
6574 803732
6575 5852
6576 447971
6577 419999
6578 365827
6579 274881
6580 486555
6581 239365
6582 383747
6583 107719
6584 163363
6585 232886
6586 451852
6587 662583
6588 791101
6589 480295
6590 346952
6591 130365
6592 158711
6593 946775
6594 721462
6595 292246
6596 458062
6597 545653
6598 84185
6599 855025
6600 947562
6601 651144
6602 621816
6603 759982
6604 884161
6605 426770
6606 775916
6607 372800
6608 977494
6609 26936
6610 281201
6611 208513
6612 971355
6613 973749
6614 10575
6615 791634
6616 427627
6617 637722
6618 332442
6619 953257
6620 443573
6621 604139
6622 341635
6623 520288
6624 770528
6625 897004
6626 805136
6627 43938
6628 594178
6629 185560
6630 699124
6631 172784
6632 385494
6633 605994
6634 989215
6635 118200
6636 616875
6637 100396
6638 708940
6639 645604
6640 468276
6641 879017
6642 263152
6643 303111
6644 708954
6645 939095
6646 267288
6647 459965
6648 846495
6649 477827
6650 627192
6651 851106
6652 78115
6653 488383
6654 167756
6655 32752
6656 80561
6657 61453
6658 85326
6659 658856
6660 832769
6661 681647
6662 184999
6663 142287
6664 406634
6665 624792
6666 79277
6667 810663
6668 490576
6669 960990
6670 781672
6671 488837
6672 661191
6673 447029
6674 893594
6675 812464
6676 501146
6677 63925
6678 524228
6679 914843
6680 316011
6681 200070
6682 323034
6683 238123
6684 746164
6685 592395
6686 368374
6687 546143
6688 147894
6689 477497
6690 921707
6691 96657
6692 453880
6693 847812
6694 206415
6695 842965
6696 869207
6697 896196
6698 838049
6699 347169
6700 344757
6701 322995
6702 456451
6703 308306
6704 253334
6705 95624
6706 580509
6707 637702
6708 111214
6709 930391
6710 17282
6711 391298
6712 903383
6713 413804
6714 55884
6715 524871
6716 526784
6717 515692
6718 613113
6719 944503
6720 833000
6721 754490
6722 875582
6723 143065
6724 578641
6725 456899
6726 408587
6727 446578
6728 454899
6729 176522
6730 234657
6731 535148
6732 22322
6733 181180
6734 787350
6735 85557
6736 405739
6737 34274
6738 634265
6739 631032
6740 668619
6741 245262
6742 356328
6743 713041
6744 875211
6745 77182
6746 340275
6747 166138
6748 529991
6749 219898
6750 563066
6751 625862
6752 752725
6753 776678
6754 749100
6755 668683
6756 677468
6757 994879
6758 794934
6759 109342
6760 956850
6761 290499
6762 766343
6763 12888
6764 288927
6765 278302
6766 466713
6767 685038
6768 770634
6769 897141
6770 894725
6771 934637
6772 905733
6773 2296
6774 396981
6775 45922
6776 870244
6777 437368
6778 974795
6779 336752
6780 357114
6781 67107
6782 723969
6783 733223
6784 4813
6785 285015
6786 425249
6787 172975
6788 160309
6789 356438
6790 717953
6791 711701
6792 962182
6793 635945
6794 389275
6795 192932
6796 459359
6797 239168
6798 109973
6799 133906
6800 538224
6801 451841
6802 409136
6803 854733
6804 726587
6805 836042
6806 975596
6807 749027
6808 716678
6809 224662
6810 123285
6811 267544
6812 518183
6813 174644
6814 787666
6815 608208
6816 161945
6817 837890
6818 8636
6819 113395
6820 548917
6821 981969
6822 983375
6823 945764
6824 429053
6825 192338
6826 375153
6827 115622
6828 230931
6829 271104
6830 278756
6831 374510
6832 3004
6833 937127
6834 660790
6835 770772
6836 607665
6837 67026
6838 7578
6839 823446
6840 393972
6841 600530
6842 571832
6843 741476
6844 306347
6845 586241
6846 961850
6847 967356
6848 35330
6849 650751
6850 767042
6851 519678
6852 731147
6853 935974
6854 567603
6855 250390
6856 658250
6857 533300
6858 593581
6859 712798
6860 223929
6861 930833
6862 742267
6863 989508
6864 149607
6865 529468
6866 848483
6867 579817
6868 330716
6869 938363
6870 448948
6871 458683
6872 639202
6873 359534
6874 661538
6875 249923
6876 629326
6877 759619
6878 788088
6879 301082
6880 707807
6881 814649
6882 373769
6883 393281
6884 797294
6885 426867
6886 448435
6887 93937
6888 159302
6889 342983
6890 720235
6891 981662
6892 729068
6893 457754
6894 476949
6895 399659
6896 758181
6897 438541
6898 716738
6899 176059
6900 547611
6901 543759
6902 621213
6903 176736
6904 697953
6905 885177
6906 397071
6907 309103
6908 297897
6909 870469
6910 948124
6911 995287
6912 336495
6913 393673
6914 950754
6915 391985
6916 958459
6917 268190
6918 49058
6919 104662
6920 911136
6921 936365
6922 870795
6923 568788
6924 161999
6925 173636
6926 904430
6927 34264
6928 529295
6929 131626
6930 436820
6931 465498
6932 677218
6933 946930
6934 399501
6935 73823
6936 719727
6937 359649
6938 230997
6939 436677
6940 271403
6941 432847
6942 558467
6943 675629
6944 224964
6945 901307
6946 412477
6947 299655
6948 46945
6949 781226
6950 795332
6951 548777
6952 517256
6953 283450
6954 160678
6955 264297
6956 724834
6957 448708
6958 867753
6959 974255
6960 728381
6961 186907
6962 38531
6963 415777
6964 634317
6965 992423
6966 763984
6967 659767
6968 297895
6969 727482
6970 23893
6971 288495
6972 360301
6973 735969
6974 453256
6975 274446
6976 664938
6977 655676
6978 610640
6979 781150
6980 98684
6981 639028
6982 286355
6983 656167
6984 755456
6985 37375
6986 690534
6987 906183
6988 774706
6989 734165
6990 845880
6991 567958
6992 849706
6993 275682
6994 892780
6995 641176
6996 890545
6997 307843
6998 214582
6999 795044
7000 654174
7001 913108
7002 680244
7003 455501
7004 885740
7005 597420
7006 955412
7007 320338
7008 47537
7009 513715
7010 779637
7011 922392
7012 517697
7013 151850
7014 578305
7015 293757
7016 22066
7017 66419
7018 457537
7019 194794
7020 399367
7021 161070
7022 906484
7023 519496
7024 799871
7025 773478
7026 744943
7027 22755
7028 367368
7029 997488
7030 548950
7031 225474
7032 967639
7033 792324
7034 960116
7035 420799
7036 796165
7037 932760
7038 636065
7039 950406
7040 744041
7041 484234
7042 782797
7043 55597
7044 322585
7045 493982
7046 81564
7047 486540
7048 170728
7049 989929
7050 692449
7051 917477
7052 699804
7053 205672
7054 897019
7055 949857
7056 100847
7057 500067
7058 798997
7059 863665
7060 661089
7061 527387
7062 503737
7063 214581
7064 348261
7065 417669
7066 966615
7067 176864
7068 740956
7069 641543
7070 562267
7071 145144
7072 256190
7073 719891
7074 659413
7075 369650
7076 975049
7077 371993
7078 571127
7079 286262
7080 245701
7081 218142
7082 122467
7083 83370
7084 279897
7085 921125
7086 374071
7087 930616
7088 612538
7089 88399
7090 352440
7091 79601
7092 99884
7093 301751
7094 759142
7095 773603
7096 954984
7097 997696
7098 809126
7099 2922
7100 601103
7101 309742
7102 532984
7103 685988
7104 136013
7105 388073
7106 972551
7107 805649
7108 290446
7109 634382
7110 810288
7111 487756
7112 609699
7113 995914
7114 659855
7115 468357
7116 443106
7117 235612
7118 770990
7119 990311
7120 274877
7121 482433
7122 481991
7123 924423
7124 132872
7125 430820
7126 806735
7127 989157
7128 758323
7129 130164
7130 942332
7131 902479
7132 976902
7133 228573
7134 803368
7135 335526
7136 175194
7137 920680
7138 457638
7139 737595
7140 930368
7141 322637
7142 287610
7143 692942
7144 966263
7145 950363
7146 16354
7147 70174
7148 596185
7149 816881
7150 303808
7151 93483
7152 369458
7153 63875
7154 280067
7155 750927
7156 551214
7157 190127
7158 180572
7159 948564
7160 447506
7161 789122
7162 681014
7163 201006
7164 132691
7165 229735
7166 797316
7167 740358
7168 363960
7169 142824
7170 471836
7171 938250
7172 977266
7173 663689
7174 567175
7175 222476
7176 776657
7177 642410
7178 743368
7179 973677
7180 359933
7181 3181
7182 115432
7183 592357
7184 800684
7185 907824
7186 142049
7187 306774
7188 41245
7189 671162
7190 551580
7191 762830
7192 982134
7193 565913
7194 390635
7195 803785
7196 898611
7197 837052
7198 308302
7199 556615
7200 119505
7201 780420
7202 744194
7203 330134
7204 91087
7205 503789
7206 752114
7207 375059
7208 571308
7209 622230
7210 197947
7211 126260
7212 886971
7213 300608
7214 158120
7215 651201
7216 896469
7217 667328
7218 604325
7219 65576
7220 569634
7221 123441
7222 185237
7223 187281
7224 288380
7225 664071
7226 853703
7227 613905
7228 29404
7229 234519
7230 688495
7231 298134
7232 283950
7233 846696
7234 926581
7235 21696
7236 747958
7237 683777
7238 561423
7239 534402
7240 655758
7241 488609
7242 934532
7243 523435
7244 886556
7245 946857
7246 314241
7247 643318
7248 228449
7249 586836
7250 233110
7251 93136
7252 100582
7253 487986
7254 262516
7255 339853
7256 599723
7257 148137
7258 311917
7259 610422
7260 520240
7261 550755
7262 526160
7263 407290
7264 391825
7265 407604
7266 445400
7267 128633
7268 60895
7269 855767
7270 520054
7271 623842
7272 711169
7273 452207
7274 22496
7275 304564
7276 856421
7277 41377
7278 255314
7279 20713
7280 951740
7281 144568
7282 64059
7283 948848
7284 145040
7285 622210
7286 564130
7287 17045
7288 942199
7289 946371
7290 684088
7291 86665
7292 379569
7293 959869
7294 311338
7295 48484
7296 707091
7297 226136
7298 154087
7299 880361
7300 682542
7301 241230
7302 762292
7303 408626
7304 789342
7305 902727
7306 789456
7307 258749
7308 21646
7309 741938
7310 539326
7311 156405
7312 164220
7313 823783
7314 92646
7315 122249
7316 641974
7317 716205
7318 18037
7319 107519
7320 264199
7321 107376
7322 459854
7323 548708
7324 359017
7325 98722
7326 589803
7327 124284
7328 529682
7329 785549
7330 286387
7331 511652
7332 289940
7333 830490
7334 948409
7335 145838
7336 202275
7337 479991
7338 490377
7339 240881
7340 480568
7341 27599
7342 446338
7343 659401
7344 785342
7345 512954
7346 315339
7347 504729
7348 671643
7349 400440
7350 610246
7351 603364
7352 710791
7353 810624
7354 769161
7355 773993
7356 140302
7357 300601
7358 105310
7359 14228
7360 271595
7361 191493
7362 210414
7363 439420
7364 151337
7365 523624
7366 794606
7367 81987
7368 806255
7369 148920
7370 402445
7371 997836
7372 57712
7373 528082
7374 52366
7375 662322
7376 454482
7377 34858
7378 821545
7379 396400
7380 500927
7381 44863
7382 158892
7383 709014
7384 542571
7385 630895
7386 127540
7387 530113
7388 479188
7389 145300
7390 430113
7391 536281
7392 802492
7393 453053
7394 483490
7395 224665
7396 275016
7397 712766
7398 716228
7399 298260
7400 180471
7401 778425
7402 845732
7403 904842
7404 363762
7405 919561
7406 41545
7407 581689
7408 948816
7409 304557
7410 436343
7411 548116
7412 460667
7413 749409
7414 451593
7415 547818
7416 199048
7417 556615
7418 357151
7419 453743
7420 806463
7421 825603
7422 583775
7423 630942
7424 564852
7425 642684
7426 707766
7427 819578
7428 640163
7429 805820
7430 84266
7431 403416
7432 200170
7433 724197
7434 629634
7435 111986
7436 562555
7437 386845
7438 756572
7439 850863
7440 620727
7441 616302
7442 413994
7443 738651
7444 155055
7445 525920
7446 246095
7447 966272
7448 6563
7449 262106
7450 183620
7451 589739
7452 785958
7453 830181
7454 140251
7455 268020
7456 958635
7457 435066
7458 686624
7459 599791
7460 9764
7461 191581
7462 595139
7463 574347
7464 504336
7465 915411
7466 425098
7467 600891
7468 345114
7469 651973
7470 987440
7471 125642
7472 354747
7473 559327
7474 682237
7475 387040
7476 503040
7477 171460
7478 634193
7479 935905
7480 30736
7481 133735
7482 8651
7483 90384
7484 329591
7485 442882
7486 323259
7487 76054
7488 495498
7489 524856
7490 381866
7491 681798
7492 825532
7493 146254
7494 253755
7495 444291
7496 357906
7497 945332
7498 562620
7499 651539
7500 610707
7501 69218
7502 998439
7503 462516
7504 544025
7505 62563
7506 137362
7507 700063
7508 111776
7509 333047
7510 268934
7511 52821
7512 573441
7513 549979
7514 358420
7515 574795
7516 569441
7517 558443
7518 589921
7519 194397
7520 222523
7521 423350
7522 171671
7523 25519
7524 684866
7525 181390
7526 469858
7527 338705
7528 408509
7529 665827
7530 756039
7531 219259
7532 354938
7533 286496
7534 293449
7535 969572
7536 586331
7537 68253
7538 490064
7539 854899
7540 482095
7541 263786
7542 955099
7543 634898
7544 814323
7545 915387
7546 507754
7547 648483
7548 286858
7549 314596
7550 202704
7551 847953
7552 915489
7553 134050
7554 909347
7555 822026
7556 899844
7557 333221
7558 767648
7559 358789
7560 837749
7561 785783
7562 252095
7563 721862
7564 264876
7565 973173
7566 619509
7567 430065
7568 399590
7569 334466
7570 162082
7571 716926
7572 546010
7573 770410
7574 102974
7575 916640
7576 96830
7577 948455
7578 780084
7579 83073
7580 298602
7581 40587
7582 289621
7583 144568
7584 541670
7585 207142
7586 282857
7587 666431
7588 638240
7589 893404
7590 608694
7591 812668
7592 407004
7593 973437
7594 905783
7595 736943
7596 521202
7597 114292
7598 708668
7599 398634
7600 456946
7601 866532
7602 733620
7603 592681
7604 36259
7605 852224
7606 545393
7607 841692
7608 358795
7609 723403
7610 23186
7611 156177
7612 300010
7613 22099
7614 892730
7615 595084
7616 492166
7617 672869
7618 975129
7619 15917
7620 146581
7621 81170
7622 828116
7623 494235
7624 897771
7625 962602
7626 681479
7627 109327
7628 307399
7629 371195
7630 258124
7631 270188
7632 841358
7633 477369
7634 441537
7635 517981
7636 187869
7637 531462
7638 218069
7639 953004
7640 207534
7641 965861
7642 760702
7643 651426
7644 665202
7645 582578
7646 504904
7647 856044
7648 83763
7649 353823
7650 125143
7651 432936
7652 555232
7653 156880
7654 184059
7655 309642
7656 446532
7657 162808
7658 79850
7659 968683
7660 525967
7661 8556
7662 648627
7663 821433
7664 819725
7665 976729
7666 228341
7667 581191
7668 271755
7669 375041
7670 203203
7671 880659
7672 139480
7673 102460
7674 519437
7675 18654
7676 704311
7677 980974
7678 594889
7679 195054
7680 830328
7681 56135
7682 589806
7683 113561
7684 765507
7685 476988
7686 520439
7687 751456
7688 274154
7689 273348
7690 990551
7691 157285
7692 221676
7693 887822
7694 901188
7695 725065
7696 436550
7697 489335
7698 841939
7699 781654
7700 460355
7701 207731
7702 636371
7703 927345
7704 404356
7705 564326
7706 832446
7707 194243
7708 877748
7709 625880
7710 620636
7711 178802
7712 983732
7713 139577
7714 506602
7715 200991
7716 918820
7717 990409
7718 42976
7719 720462
7720 309823
7721 401224
7722 470689
7723 567935
7724 211838
7725 27056
7726 372044
7727 536620
7728 627123
7729 401943
7730 486186
7731 923277
7732 525290
7733 516723
7734 976704
7735 251498
7736 13865
7737 844490
7738 417895
7739 581624
7740 467494
7741 106079
7742 30923
7743 83732
7744 844304
7745 966561
7746 657027
7747 384213
7748 947858
7749 676293
7750 208509
7751 195132
7752 209506
7753 183006
7754 949086
7755 892043
7756 423625
7757 227189
7758 685924
7759 653972
7760 350248
7761 439292
7762 522211
7763 43272
7764 867058
7765 47608
7766 140333
7767 148092
7768 394922
7769 809192
7770 33704
7771 691927
7772 205431
7773 537500
7774 755251
7775 529378
7776 340821
7777 730058
7778 130803
7779 281828
7780 709798
7781 423207
7782 727585
7783 248741
7784 268945
7785 410597
7786 356307
7787 277853
7788 438406
7789 264676
7790 407583
7791 749499
7792 240490
7793 368971
7794 720517
7795 876056
7796 376758
7797 91764
7798 997130
7799 927088
7800 187416
7801 763099
7802 507978
7803 944800
7804 358699
7805 726580
7806 682025
7807 834348
7808 380022
7809 160409
7810 790876
7811 111017
7812 201540
7813 849722
7814 180340
7815 914147
7816 731183
7817 660898
7818 680483
7819 398842
7820 743123
7821 150561
7822 951628
7823 174890
7824 279961
7825 835195
7826 563875
7827 852301
7828 629847
7829 965140
7830 730720
7831 889535
7832 686498
7833 768429
7834 445209
7835 129371
7836 772080
7837 650026
7838 625013
7839 594973
7840 465658
7841 611053
7842 39193
7843 141682
7844 356982
7845 566404
7846 745651
7847 396221
7848 988622
7849 429386
7850 448905
7851 432260
7852 188693
7853 955949
7854 230615
7855 838625
7856 989636
7857 821472
7858 100984
7859 133146
7860 911929
7861 178458
7862 561779
7863 901336
7864 429403
7865 717976
7866 108269
7867 25375
7868 367424
7869 750993
7870 278094
7871 986600
7872 87076
7873 23156
7874 383261
7875 435730
7876 926323
7877 379218
7878 543576
7879 131940
7880 179609
7881 267595
7882 635403
7883 447834
7884 155450
7885 703877
7886 541434
7887 56099
7888 640197
7889 242196
7890 850930
7891 179564
7892 576568
7893 798813
7894 334615
7895 64664
7896 426808
7897 662050
7898 976175
7899 684434
7900 600098
7901 551662
7902 658272
7903 287555
7904 377325
7905 269147
7906 303485
7907 371519
7908 937397
7909 934329
7910 91074
7911 198127
7912 679559
7913 424506
7914 493508
7915 706628
7916 925601
7917 827602
7918 189973
7919 872407
7920 982410
7921 163130
7922 258407
7923 356883
7924 235146
7925 502684
7926 467023
7927 987034
7928 538714
7929 889311
7930 477645
7931 871493
7932 372468
7933 82223
7934 536993
7935 125751
7936 540802
7937 375159
7938 921292
7939 453456
7940 239038
7941 304320
7942 371000
7943 566859
7944 986599
7945 491837
7946 815395
7947 370056
7948 762737
7949 695285
7950 354063
7951 357786
7952 997035
7953 150805
7954 199738
7955 74470
7956 278737
7957 820347
7958 763429
7959 148032
7960 494861
7961 261523
7962 400427
7963 166417
7964 904415
7965 626272
7966 359720
7967 947959
7968 550427
7969 122384
7970 968033
7971 906758
7972 626477
7973 15805
7974 14394
7975 708517
7976 501758
7977 553247
7978 116602
7979 119055
7980 198353
7981 701091
7982 684709
7983 375710
7984 164264
7985 250819
7986 39660
7987 960557
7988 232024
7989 71698
7990 591313
7991 863704
7992 59680
7993 302205
7994 476413
7995 225733
7996 60877
7997 282604
7998 153808
7999 211732
