# 8000 data points
# index number
0 999671
1 999488
2 999451
3 999212
4 999189
5 998714
6 998693
7 998686
8 998439
9 998126
10 997836
11 997696
12 997488
13 997371
14 997130
15 997036
16 997035
17 996896
18 996691
19 996632
20 996098
21 995914
22 995822
23 995674
24 995639
25 995472
26 995287
27 995233
28 995040
29 994919
30 994879
31 994770
32 994304
33 994283
34 994100
35 994062
36 994018
37 993960
38 993853
39 993806
40 993532
41 993452
42 993292
43 992893
44 992871
45 992675
46 992562
47 992545
48 992442
49 992423
50 992380
51 992290
52 992283
53 992202
54 991834
55 991790
56 991535
57 991183
58 990971
59 990851
60 990639
61 990598
62 990551
63 990412
64 990409
65 990404
66 990366
67 990353
68 990311
69 990106
70 990105
71 989929
72 989753
73 989636
74 989508
75 989405
76 989226
77 989215
78 989157
79 989156
80 989100
81 988918
82 988841
83 988752
84 988622
85 988502
86 988297
87 987936
88 987887
89 987581
90 987555
91 987440
92 987378
93 987245
94 987163
95 987158
96 987125
97 987110
98 987034
99 986831
100 986600
101 986599
102 986191
103 986132
104 985665
105 985592
106 985493
107 985318
108 985291
109 985275
110 985239
111 985031
112 984963
113 984954
114 984791
115 984749
116 984681
117 984559
118 984261
119 984221
120 983949
121 983732
122 983605
123 983375
124 983363
125 983184
126 983096
127 982853
128 982410
129 982352
130 982134
131 982081
132 982030
133 981969
134 981954
135 981914
136 981884
137 981715
138 981662
139 981619
140 981589
141 981355
142 981216
143 981030
144 981022
145 980974
146 980844
147 980059
148 979678
149 979371
150 978882
151 978878
152 978292
153 977505
154 977494
155 977341
156 977316
157 977266
158 977219
159 977212
160 976902
161 976779
162 976729
163 976704
164 976477
165 976457
166 976348
167 976175
168 976003
169 975972
170 975970
171 975907
172 975814
173 975642
174 975596
175 975546
176 975514
177 975432
178 975388
179 975280
180 975161
181 975129
182 975073
183 975055
184 975049
185 974907
186 974795
187 974774
188 974720
189 974537
190 974433
191 974345
192 974279
193 974255
194 974066
195 973749
196 973677
197 973437
198 973195
199 973173
200 973153
201 972907
202 972551
203 972450
204 972369
205 972304
206 972257
207 972204
208 972183
209 972145
210 972062
211 971766
212 971749
213 971669
214 971557
215 971355
216 971334
217 971223
218 971116
219 970586
220 970564
221 970442
222 970379
223 970375
224 970104
225 969885
226 969744
227 969616
228 969572
229 969519
230 969155
231 969023
232 968785
233 968683
234 968558
235 968438
236 968033
237 967843
238 967835
239 967675
240 967639
241 967527
242 967413
243 967356
244 967191
245 966979
246 966969
247 966916
248 966615
249 966561
250 966404
251 966343
252 966272
253 966272
254 966263
255 966071
256 966029
257 966012
258 965947
259 965861
260 965733
261 965651
262 965536
263 965465
264 965246
265 965223
266 965179
267 965140
268 964687
269 964498
270 964474
271 964333
272 964136
273 963752
274 963459
275 963310
276 963203
277 963187
278 963183
279 963096
280 962897
281 962890
282 962804
283 962763
284 962657
285 962602
286 962378
287 962212
288 962195
289 962182
290 962078
291 962021
292 962015
293 961896
294 961850
295 961685
296 961647
297 961510
298 961390
299 961332
300 961087
301 960990
302 960699
303 960557
304 960351
305 960191
306 960143
307 960143
308 960116
309 960088
310 960085
311 960081
312 959882
313 959869
314 959747
315 959669
316 959334
317 959121
318 959117
319 959028
320 958759
321 958635
322 958459
323 958396
324 958244
325 957852
326 957710
327 957395
328 957350
329 957317
330 957158
331 956850
332 956839
333 956775
334 956653
335 956315
336 956275
337 956199
338 956179
339 956127
340 956084
341 956047
342 955949
343 955942
344 955454
345 955412
346 955406
347 955099
348 955061
349 954984
350 954954
351 954941
352 954925
353 954845
354 954607
355 954383
356 954362
357 954203
358 953964
359 953916
360 953690
361 953515
362 953423
363 953405
364 953257
365 953190
366 953152
367 953004
368 952972
369 952794
370 952778
371 952740
372 952156
373 951740
374 951628
375 951097
376 950933
377 950859
378 950791
379 950754
380 950719
381 950406
382 950363
383 950256
384 950165
385 950122
386 949857
387 949590
388 949570
389 949229
390 949086
391 948848
392 948843
393 948816
394 948696
395 948679
396 948636
397 948572
398 948564
399 948455
400 948409
401 948321
402 948256
403 948124
404 947959
405 947945
406 947902
407 947884
408 947858
409 947651
410 947562
411 947421
412 947294
413 947186
414 947184
415 947183
416 947101
417 947075
418 947067
419 947061
420 947050
421 947027
422 946999
423 946930
424 946858
425 946857
426 946808
427 946775
428 946714
429 946547
430 946371
431 945908
432 945764
433 945732
434 945332
435 945291
436 945276
437 945123
438 945084
439 944800
440 944677
441 944670
442 944648
443 944543
444 944503
445 944446
446 944137
447 944113
448 943735
449 943578
450 943111
451 943090
452 942946
453 942659
454 942420
455 942332
456 942286
457 942235
458 942232
459 942199
460 942037
461 942029
462 941732
463 941665
464 941506
465 941359
466 941163
467 940869
468 940748
469 940096
470 940016
471 939807
472 939760
473 939701
474 939543
475 939510
476 939095
477 938981
478 938808
479 938552
480 938363
481 938289
482 938250
483 938242
484 938193
485 938032
486 937910
487 937824
488 937803
489 937712
490 937397
491 937127
492 936858
493 936533
494 936408
495 936365
496 936001
497 935974
498 935905
499 935820
500 935803
501 935620
502 935580
503 935569
504 935438
505 935437
506 935230
507 935217
508 934987
509 934742
510 934687
511 934676
512 934637
513 934580
514 934579
515 934532
516 934343
517 934329
518 934317
519 934168
520 933948
521 933938
522 933850
523 933821
524 933700
525 933650
526 933645
527 933501
528 933056
529 932917
530 932866
531 932760
532 932502
533 932442
534 932439
535 932287
536 931833
537 931828
538 931743
539 931643
540 931383
541 931326
542 931097
543 931068
544 930953
545 930930
546 930833
547 930616
548 930604
549 930550
550 930399
551 930391
552 930368
553 930296
554 930256
555 930203
556 930078
557 930061
558 930054
559 929989
560 929676
561 929642
562 929631
563 929496
564 929274
565 928761
566 928735
567 928659
568 928575
569 928539
570 928423
571 928414
572 928067
573 928063
574 927684
575 927399
576 927377
577 927345
578 927281
579 927088
580 927028
581 926771
582 926581
583 926323
584 926163
585 926056
586 925862
587 925601
588 924862
589 924646
590 924505
591 924423
592 924418
593 924305
594 924193
595 924096
596 923820
597 923604
598 923493
599 923277
600 923121
601 922913
602 922877
603 922863
604 922769
605 922392
606 922273
607 922234
608 922036
609 921987
610 921762
611 921707
612 921292
613 921285
614 921188
615 921125
616 921082
617 921045
618 920900
619 920801
620 920760
621 920694
622 920680
623 920600
624 920588
625 920549
626 920494
627 920383
628 920306
629 920304
630 920202
631 920135
632 920067
633 919888
634 919561
635 919455
636 919390
637 919351
638 919334
639 919219
640 919126
641 919109
642 918959
643 918820
644 918611
645 918590
646 918557
647 918474
648 918159
649 918148
650 917873
651 917782
652 917680
653 917610
654 917585
655 917483
656 917477
657 917306
658 917177
659 916883
660 916640
661 916605
662 916306
663 916266
664 916186
665 915938
666 915627
667 915604
668 915565
669 915489
670 915411
671 915387
672 915375
673 915091
674 915057
675 914972
676 914843
677 914785
678 914642
679 914478
680 914426
681 914341
682 914241
683 914241
684 914147
685 914147
686 914020
687 913970
688 913915
689 913880
690 913815
691 913766
692 913715
693 913496
694 913475
695 913458
696 913377
697 913298
698 913282
699 913169
700 913108
701 913043
702 912866
703 912751
704 912699
705 912682
706 912606
707 912485
708 912470
709 912425
710 912423
711 912317
712 912243
713 912238
714 912081
715 911947
716 911929
717 911899
718 911896
719 911791
720 911584
721 911366
722 911335
723 911213
724 911196
725 911136
726 910996
727 910953
728 910949
729 910915
730 910527
731 910506
732 910251
733 910222
734 909854
735 909347
736 909335
737 909277
738 909245
739 909207
740 909156
741 909011
742 908740
743 908505
744 908430
745 908388
746 908385
747 908301
748 908289
749 908142
750 907863
751 907824
752 907732
753 907443
754 907139
755 907111
756 906932
757 906799
758 906758
759 906701
760 906582
761 906484
762 906274
763 906183
764 905783
765 905733
766 905674
767 905635
768 905552
769 905371
770 904899
771 904846
772 904842
773 904771
774 904758
775 904741
776 904738
777 904655
778 904430
779 904415
780 904298
781 903994
782 903922
783 903676
784 903493
785 903405
786 903383
787 903335
788 902997
789 902746
790 902744
791 902727
792 902690
793 902558
794 902504
795 902479
796 902456
797 902355
798 902066
799 902058
800 901969
801 901894
802 901770
803 901750
804 901735
805 901676
806 901553
807 901336
808 901308
809 901307
810 901199
811 901188
812 901166
813 901103
814 900825
815 900760
816 900618
817 900486
818 900440
819 900417
820 900292
821 900062
822 899965
823 899924
824 899885
825 899844
826 899568
827 899563
828 899470
829 899465
830 899425
831 899221
832 899198
833 899111
834 898963
835 898611
836 898092
837 898069
838 898035
839 897911
840 897778
841 897771
842 897350
843 897279
844 897211
845 897141
846 897019
847 897004
848 896640
849 896560
850 896469
851 896464
852 896348
853 896238
854 896196
855 896150
856 895952
857 895386
858 895281
859 895276
860 895209
861 894981
862 894888
863 894760
864 894749
865 894725
866 894633
867 894522
868 894495
869 894440
870 894098
871 893997
872 893955
873 893750
874 893594
875 893404
876 893193
877 892780
878 892730
879 892658
880 892543
881 892428
882 892376
883 892362
884 892295
885 892091
886 892043
887 891978
888 891536
889 891305
890 891101
891 891075
892 890996
893 890831
894 890727
895 890677
896 890567
897 890545
898 889680
899 889579
900 889535
901 889450
902 889330
903 889317
904 889311
905 889258
906 888901
907 888435
908 888336
909 888074
910 887947
911 887904
912 887822
913 887789
914 887641
915 887568
916 887530
917 887491
918 887280
919 887250
920 887187
921 886971
922 886938
923 886864
924 886674
925 886556
926 886552
927 886397
928 885925
929 885838
930 885740
931 885177
932 885165
933 885104
934 884509
935 884161
936 883866
937 883815
938 883779
939 883777
940 883694
941 883418
942 883075
943 882971
944 882048
945 881662
946 881653
947 881625
948 881548
949 881548
950 881515
951 881330
952 881211
953 880910
954 880765
955 880659
956 880638
957 880589
958 880536
959 880361
960 880040
961 880013
962 879891
963 879854
964 879762
965 879440
966 879230
967 879179
968 879017
969 878972
970 878814
971 878583
972 878565
973 878426
974 878355
975 878322
976 877748
977 877708
978 877290
979 877250
980 877220
981 877080
982 876927
983 876915
984 876852
985 876524
986 876466
987 876277
988 876056
989 875911
990 875811
991 875695
992 875582
993 875436
994 875413
995 875260
996 875211
997 875119
998 874644
999 874520
1000 874191
1001 874147
1002 874031
1003 873793
1004 873424
1005 873322
1006 873211
1007 873083
1008 872759
1009 872474
1010 872407
1011 872245
1012 872240
1013 872140
1014 871881
1015 871686
1016 871493
1017 871443
1018 871369
1019 871314
1020 871104
1021 871048
1022 870966
1023 870859
1024 870795
1025 870740
1026 870588
1027 870552
1028 870469
1029 870403
1030 870244
1031 869953
1032 869837
1033 869778
1034 869760
1035 869704
1036 869300
1037 869207
1038 869100
1039 868994
1040 868658
1041 868341
1042 868282
1043 868204
1044 868178
1045 868043
1046 867774
1047 867753
1048 867479
1049 867380
1050 867304
1051 867265
1052 867249
1053 867194
1054 867067
1055 867058
1056 866724
1057 866699
1058 866648
1059 866586
1060 866532
1061 866468
1062 866440
1063 866203
1064 865954
1065 865870
1066 865808
1067 865782
1068 865680
1069 865633
1070 865541
1071 865424
1072 865182
1073 865039
1074 864984
1075 864745
1076 864696
1077 864683
1078 864581
1079 864475
1080 864338
1081 864217
1082 863990
1083 863704
1084 863665
1085 863606
1086 863593
1087 863290
1088 863107
1089 863024
1090 862935
1091 862923
1092 862606
1093 862590
1094 861759
1095 861543
1096 861502
1097 861258
1098 861128
1099 860695
1100 860511
1101 860028
1102 859915
1103 859767
1104 859743
1105 859620
1106 859540
1107 859068
1108 858899
1109 858757
1110 858706
1111 858311
1112 858174
1113 858148
1114 857903
1115 857713
1116 857552
1117 857525
1118 857513
1119 857231
1120 856961
1121 856518
1122 856421
1123 856279
1124 856240
1125 856117
1126 856056
1127 856044
1128 855921
1129 855876
1130 855767
1131 855705
1132 855384
1133 855025
1134 854899
1135 854757
1136 854733
1137 854474
1138 854379
1139 854375
1140 854275
1141 854028
1142 853995
1143 853895
1144 853853
1145 853843
1146 853703
1147 853476
1148 853266
1149 853172
1150 853026
1151 852914
1152 852820
1153 852603
1154 852460
1155 852301
1156 852224
1157 852167
1158 851809
1159 851764
1160 851292
1161 851259
1162 851106
1163 850930
1164 850863
1165 850397
1166 850261
1167 850215
1168 849894
1169 849722
1170 849706
1171 849592
1172 849534
1173 849512
1174 849123
1175 849076
1176 848919
1177 848894
1178 848559
1179 848491
1180 848483
1181 848200
1182 847953
1183 847812
1184 847624
1185 847523
1186 847417
1187 847299
1188 847147
1189 847111
1190 847075
1191 846907
1192 846792
1193 846749
1194 846696
1195 846647
1196 846495
1197 846463
1198 846189
1199 845968
1200 845880
1201 845732
1202 845084
1203 845011
1204 844965
1205 844654
1206 844624
1207 844600
1208 844490
1209 844304
1210 844300
1211 844198
1212 844088
1213 844067
1214 843929
1215 843796
1216 843537
1217 843478
1218 843477
1219 843468
1220 843326
1221 843281
1222 843196
1223 842965
1224 842924
1225 842919
1226 842571
1227 842306
1228 842174
1229 842150
1230 842076
1231 841939
1232 841767
1233 841692
1234 841549
1235 841358
1236 841284
1237 841121
1238 840752
1239 840652
1240 840548
1241 840346
1242 840224
1243 840101
1244 839711
1245 839335
1246 839272
1247 839257
1248 839233
1249 839197
1250 838944
1251 838807
1252 838797
1253 838688
1254 838675
1255 838625
1256 838331
1257 838049
1258 837890
1259 837886
1260 837846
1261 837809
1262 837749
1263 837713
1264 837674
1265 837474
1266 837409
1267 837379
1268 837373
1269 837325
1270 837282
1271 837189
1272 837052
1273 836879
1274 836770
1275 836630
1276 836621
1277 836614
1278 836279
1279 836042
1280 835867
1281 835619
1282 835576
1283 835195
1284 835186
1285 834988
1286 834946
1287 834890
1288 834837
1289 834756
1290 834628
1291 834507
1292 834453
1293 834348
1294 834222
1295 834109
1296 833969
1297 833968
1298 833861
1299 833231
1300 833156
1301 833133
1302 833030
1303 833013
1304 833000
1305 832998
1306 832881
1307 832856
1308 832769
1309 832663
1310 832662
1311 832602
1312 832581
1313 832563
1314 832561
1315 832446
1316 832443
1317 832337
1318 832195
1319 831995
1320 831994
1321 831692
1322 831688
1323 831586
1324 831504
1325 831431
1326 831253
1327 831224
1328 831150
1329 831089
1330 830938
1331 830872
1332 830617
1333 830617
1334 830617
1335 830490
1336 830328
1337 830319
1338 830182
1339 830181
1340 830168
1341 830026
1342 829899
1343 829820
1344 829810
1345 829767
1346 828959
1347 828952
1348 828710
1349 828576
1350 828410
1351 828299
1352 828271
1353 828178
1354 828133
1355 828116
1356 827950
1357 827724
1358 827671
1359 827602
1360 827484
1361 827061
1362 827016
1363 826997
1364 826658
1365 826524
1366 826038
1367 825931
1368 825684
1369 825603
1370 825532
1371 825221
1372 825214
1373 825135
1374 825006
1375 824934
1376 824393
1377 824025
1378 823827
1379 823783
1380 823616
1381 823446
1382 823395
1383 823364
1384 823347
1385 822926
1386 822700
1387 822492
1388 822478
1389 822451
1390 822424
1391 822313
1392 822165
1393 822138
1394 822122
1395 822026
1396 821977
1397 821759
1398 821667
1399 821545
1400 821472
1401 821455
1402 821433
1403 821145
1404 821090
1405 821053
1406 820695
1407 820669
1408 820347
1409 820280
1410 819787
1411 819757
1412 819725
1413 819603
1414 819593
1415 819578
1416 819387
1417 819305
1418 819253
1419 819165
1420 818593
1421 818284
1422 818258
1423 818198
1424 817604
1425 817462
1426 817441
1427 817273
1428 817049
1429 816979
1430 816881
1431 816604
1432 816492
1433 816213
1434 815973
1435 815889
1436 815770
1437 815477
1438 815395
1439 815361
1440 815250
1441 814740
1442 814709
1443 814688
1444 814649
1445 814630
1446 814465
1447 814457
1448 814383
1449 814323
1450 814274
1451 814200
1452 814075
1453 814062
1454 813830
1455 813522
1456 813435
1457 813260
1458 812794
1459 812758
1460 812668
1461 812607
1462 812525
1463 812483
1464 812464
1465 812445
1466 812276
1467 812140
1468 812116
1469 811994
1470 811875
1471 811745
1472 811733
1473 811687
1474 811608
1475 811565
1476 811510
1477 811418
1478 811238
1479 811110
1480 811065
1481 811038
1482 810869
1483 810663
1484 810656
1485 810624
1486 810509
1487 810384
1488 810288
1489 810204
1490 810171
1491 809861
1492 809746
1493 809656
1494 809578
1495 809244
1496 809192
1497 809126
1498 808522
1499 808366
1500 808303
1501 807856
1502 807475
1503 807336
1504 807322
1505 807173
1506 806869
1507 806849
1508 806798
1509 806735
1510 806652
1511 806463
1512 806377
1513 806255
1514 806039
1515 805866
1516 805820
1517 805649
1518 805485
1519 805436
1520 805403
1521 805304
1522 805163
1523 805136
1524 804887
1525 804747
1526 804503
1527 804409
1528 804386
1529 803851
1530 803785
1531 803732
1532 803628
1533 803593
1534 803582
1535 803504
1536 803368
1537 802694
1538 802565
1539 802492
1540 802479
1541 802455
1542 802399
1543 802169
1544 802032
1545 801879
1546 801819
1547 801794
1548 801595
1549 801437
1550 801422
1551 801422
1552 801245
1553 800937
1554 800936
1555 800923
1556 800847
1557 800772
1558 800684
1559 800634
1560 800456
1561 800135
1562 799871
1563 799522
1564 799417
1565 799248
1566 799135
1567 799119
1568 798997
1569 798897
1570 798813
1571 798763
1572 798624
1573 798308
1574 798108
1575 798105
1576 797950
1577 797640
1578 797494
1579 797380
1580 797316
1581 797316
1582 797294
1583 796879
1584 796521
1585 796293
1586 796184
1587 796165
1588 796058
1589 795938
1590 795900
1591 795891
1592 795877
1593 795861
1594 795501
1595 795479
1596 795457
1597 795332
1598 795316
1599 795297
1600 795177
1601 795124
1602 795076
1603 795044
1604 794934
1605 794800
1606 794796
1607 794785
1608 794606
1609 794478
1610 794252
1611 793482
1612 793250
1613 792703
1614 792425
1615 792393
1616 792343
1617 792324
1618 792182
1619 791765
1620 791698
1621 791684
1622 791634
1623 791586
1624 791536
1625 791493
1626 791476
1627 791298
1628 791101
1629 790876
1630 790583
1631 790494
1632 790241
1633 789737
1634 789584
1635 789567
1636 789489
1637 789456
1638 789342
1639 789166
1640 789122
1641 789044
1642 788785
1643 788626
1644 788470
1645 788455
1646 788394
1647 788269
1648 788088
1649 787951
1650 787920
1651 787911
1652 787762
1653 787666
1654 787665
1655 787618
1656 787506
1657 787500
1658 787350
1659 787325
1660 787154
1661 786791
1662 786696
1663 786620
1664 785965
1665 785958
1666 785928
1667 785783
1668 785772
1669 785592
1670 785549
1671 785342
1672 785326
1673 785020
1674 784910
1675 784772
1676 784735
1677 784675
1678 784372
1679 784237
1680 784224
1681 784012
1682 784002
1683 783608
1684 783407
1685 783380
1686 783018
1687 783013
1688 782942
1689 782797
1690 782793
1691 782670
1692 782631
1693 782543
1694 782309
1695 781815
1696 781778
1697 781672
1698 781654
1699 781226
1700 781178
1701 781150
1702 780723
1703 780420
1704 780375
1705 780350
1706 780084
1707 780082
1708 779958
1709 779661
1710 779637
1711 779407
1712 779355
1713 779065
1714 779014
1715 778763
1716 778552
1717 778517
1718 778515
1719 778425
1720 778338
1721 778031
1722 778000
1723 777966
1724 777079
1725 777028
1726 776979
1727 776830
1728 776790
1729 776678
1730 776657
1731 776515
1732 776423
1733 776021
1734 775939
1735 775916
1736 775821
1737 775735
1738 775729
1739 775430
1740 775352
1741 774971
1742 774792
1743 774764
1744 774706
1745 774567
1746 774419
1747 774320
1748 774063
1749 773993
1750 773977
1751 773846
1752 773826
1753 773712
1754 773704
1755 773657
1756 773639
1757 773603
1758 773582
1759 773580
1760 773562
1761 773534
1762 773478
1763 773272
1764 773242
1765 772897
1766 772761
1767 772598
1768 772540
1769 772518
1770 772345
1771 772138
1772 772080
1773 772037
1774 771852
1775 771391
1776 771359
1777 771125
1778 771055
1779 770990
1780 770809
1781 770772
1782 770634
1783 770563
1784 770528
1785 770462
1786 770410
1787 770221
1788 770163
1789 769961
1790 769961
1791 769938
1792 769548
1793 769414
1794 769198
1795 769161
1796 768975
1797 768893
1798 768736
1799 768687
1800 768429
1801 768200
1802 767842
1803 767832
1804 767830
1805 767648
1806 767407
1807 767227
1808 767148
1809 767079
1810 767042
1811 766646
1812 766509
1813 766433
1814 766404
1815 766364
1816 766343
1817 766281
1818 766168
1819 765974
1820 765864
1821 765794
1822 765588
1823 765587
1824 765561
1825 765507
1826 765397
1827 765385
1828 765280
1829 765264
1830 765185
1831 765046
1832 764690
1833 764634
1834 764514
1835 764511
1836 764475
1837 764472
1838 764425
1839 764134
1840 763984
1841 763676
1842 763429
1843 763320
1844 763099
1845 762830
1846 762737
1847 762734
1848 762533
1849 762418
1850 762409
1851 762292
1852 762198
1853 762109
1854 762061
1855 761745
1856 761598
1857 761519
1858 760975
1859 760869
1860 760702
1861 760691
1862 760512
1863 760454
1864 760414
1865 760301
1866 760226
1867 759982
1868 759861
1869 759845
1870 759787
1871 759752
1872 759662
1873 759619
1874 759618
1875 759577
1876 759554
1877 759460
1878 759142
1879 759071
1880 758989
1881 758590
1882 758457
1883 758396
1884 758342
1885 758323
1886 758264
1887 758181
1888 758130
1889 757826
1890 757735
1891 757601
1892 757556
1893 757495
1894 757382
1895 757357
1896 757237
1897 756751
1898 756640
1899 756610
1900 756595
1901 756572
1902 756086
1903 756039
1904 755931
1905 755678
1906 755641
1907 755456
1908 755370
1909 755251
1910 755164
1911 755151
1912 754796
1913 754715
1914 754525
1915 754499
1916 754490
1917 754442
1918 754245
1919 754202
1920 754181
1921 753652
1922 753563
1923 753411
1924 753032
1925 753018
1926 752827
1927 752725
1928 752715
1929 752668
1930 752667
1931 752342
1932 752207
1933 752114
1934 751785
1935 751641
1936 751456
1937 751165
1938 751023
1939 750993
1940 750927
1941 750432
1942 750360
1943 750354
1944 750153
1945 749839
1946 749778
1947 749668
1948 749639
1949 749499
1950 749409
1951 749368
1952 749288
1953 749256
1954 749100
1955 749099
1956 749027
1957 748602
1958 748248
1959 748128
1960 748097
1961 748067
1962 747973
1963 747971
1964 747958
1965 747672
1966 747468
1967 747266
1968 747116
1969 746663
1970 746563
1971 746405
1972 746240
1973 746164
1974 746037
1975 745879
1976 745833
1977 745828
1978 745757
1979 745651
1980 745623
1981 745122
1982 744943
1983 744770
1984 744488
1985 744211
1986 744194
1987 744175
1988 744158
1989 744042
1990 744041
1991 743913
1992 743809
1993 743753
1994 743717
1995 743368
1996 743284
1997 743158
1998 743123
1999 742609
2000 742353
2001 742267
2002 742239
2003 742084
2004 742025
2005 741941
2006 741938
2007 741497
2008 741476
2009 741007
2010 740957
2011 740956
2012 740878
2013 740717
2014 740698
2015 740437
2016 740383
2017 740358
2018 740273
2019 740268
2020 740203
2021 740199
2022 740155
2023 740113
2024 739685
2025 739414
2026 739266
2027 739142
2028 739125
2029 738898
2030 738887
2031 738746
2032 738722
2033 738671
2034 738651
2035 738632
2036 738445
2037 738370
2038 738369
2039 738365
2040 738337
2041 738169
2042 738131
2043 738099
2044 737902
2045 737863
2046 737604
2047 737595
2048 737492
2049 737464
2050 737440
2051 737355
2052 737303
2053 737281
2054 737264
2055 736952
2056 736943
2057 736848
2058 736824
2059 736697
2060 736219
2061 736212
2062 736113
2063 736113
2064 736054
2065 735969
2066 735791
2067 735756
2068 735661
2069 735634
2070 735569
2071 735566
2072 735466
2073 735382
2074 735222
2075 735070
2076 734911
2077 734557
2078 734495
2079 734385
2080 734187
2081 734165
2082 734114
2083 734072
2084 733840
2085 733620
2086 733587
2087 733524
2088 733351
2089 733223
2090 733131
2091 733088
2092 732974
2093 732935
2094 732763
2095 732471
2096 732389
2097 732282
2098 732031
2099 731976
2100 731846
2101 731613
2102 731378
2103 731183
2104 731147
2105 731038
2106 731014
2107 730957
2108 730924
2109 730780
2110 730736
2111 730720
2112 730394
2113 730382
2114 730284
2115 730107
2116 730058
2117 729827
2118 729703
2119 729697
2120 729678
2121 729578
2122 729521
2123 729483
2124 729068
2125 729024
2126 728983
2127 728879
2128 728867
2129 728769
2130 728480
2131 728381
2132 728342
2133 728252
2134 728045
2135 727585
2136 727482
2137 727453
2138 727326
2139 727004
2140 726587
2141 726580
2142 726518
2143 726454
2144 726279
2145 726204
2146 726036
2147 726008
2148 725823
2149 725613
2150 725330
2151 725103
2152 725088
2153 725065
2154 725009
2155 724834
2156 724689
2157 724611
2158 724518
2159 724288
2160 724197
2161 724126
2162 724025
2163 723969
2164 723791
2165 723670
2166 723575
2167 723522
2168 723403
2169 723392
2170 723382
2171 723365
2172 722662
2173 722566
2174 722445
2175 722413
2176 722330
2177 722039
2178 722031
2179 721976
2180 721930
2181 721891
2182 721862
2183 721517
2184 721462
2185 721379
2186 721283
2187 721014
2188 720931
2189 720517
2190 720462
2191 720421
2192 720264
2193 720235
2194 719891
2195 719727
2196 719718
2197 719516
2198 719437
2199 719233
2200 719179
2201 719027
2202 718925
2203 718887
2204 718599
2205 718281
2206 718094
2207 717976
2208 717953
2209 717742
2210 717614
2211 717610
2212 717470
2213 716926
2214 716862
2215 716738
2216 716678
2217 716595
2218 716585
2219 716452
2220 716228
2221 716205
2222 716160
2223 715974
2224 715469
2225 715455
2226 715037
2227 715037
2228 714879
2229 714702
2230 713918
2231 713895
2232 713889
2233 713824
2234 713652
2235 713630
2236 713478
2237 713470
2238 713325
2239 713041
2240 712809
2241 712798
2242 712766
2243 711874
2244 711760
2245 711701
2246 711388
2247 711290
2248 711260
2249 711169
2250 711132
2251 710832
2252 710791
2253 710653
2254 709869
2255 709860
2256 709798
2257 709650
2258 709550
2259 709465
2260 709116
2261 709062
2262 709014
2263 708954
2264 708940
2265 708850
2266 708743
2267 708668
2268 708668
2269 708517
2270 708464
2271 708411
2272 708354
2273 708310
2274 708298
2275 708268
2276 708177
2277 707941
2278 707807
2279 707766
2280 707701
2281 707650
2282 707571
2283 707568
2284 707453
2285 707414
2286 707308
2287 707282
2288 707091
2289 706767
2290 706749
2291 706628
2292 706404
2293 706360
2294 706336
2295 706296
2296 706139
2297 705776
2298 705716
2299 705517
2300 705416
2301 705342
2302 704882
2303 704612
2304 704576
2305 704443
2306 704349
2307 704311
2308 703894
2309 703877
2310 703815
2311 703543
2312 703537
2313 703432
2314 703344
2315 703295
2316 703146
2317 703015
2318 702869
2319 702863
2320 702770
2321 702745
2322 702714
2323 702581
2324 702479
2325 702220
2326 702164
2327 702068
2328 702033
2329 701911
2330 701546
2331 701331
2332 701111
2333 701091
2334 700982
2335 700971
2336 700933
2337 700525
2338 700166
2339 700063
2340 699885
2341 699804
2342 699756
2343 699617
2344 699599
2345 699561
2346 699385
2347 699263
2348 699251
2349 699124
2350 698602
2351 698527
2352 698387
2353 698339
2354 698181
2355 698099
2356 698076
2357 697953
2358 697935
2359 697874
2360 697528
2361 697495
2362 697274
2363 697265
2364 696889
2365 696871
2366 696788
2367 696567
2368 696222
2369 696078
2370 696020
2371 695958
2372 695927
2373 695829
2374 695538
2375 695285
2376 695024
2377 694981
2378 694175
2379 694147
2380 694116
2381 694086
2382 693934
2383 693573
2384 693236
2385 692961
2386 692942
2387 692941
2388 692900
2389 692650
2390 692537
2391 692449
2392 692403
2393 691951
2394 691927
2395 691544
2396 691461
2397 691454
2398 691412
2399 691327
2400 691059
2401 690861
2402 690696
2403 690547
2404 690534
2405 690414
2406 690354
2407 690331
2408 689798
2409 689332
2410 688661
2411 688495
2412 688439
2413 688435
2414 688428
2415 688371
2416 688356
2417 688262
2418 687784
2419 687626
2420 687625
2421 687084
2422 686695
2423 686626
2424 686624
2425 686550
2426 686498
2427 686177
2428 685991
2429 685988
2430 685924
2431 685874
2432 685514
2433 685407
2434 685149
2435 685038
2436 684866
2437 684820
2438 684709
2439 684434
2440 684414
2441 684381
2442 684240
2443 684113
2444 684088
2445 683989
2446 683925
2447 683903
2448 683809
2449 683782
2450 683777
2451 683590
2452 683515
2453 683325
2454 683284
2455 683211
2456 683208
2457 683165
2458 682979
2459 682864
2460 682807
2461 682805
2462 682721
2463 682688
2464 682664
2465 682542
2466 682237
2467 682200
2468 682187
2469 682166
2470 682126
2471 682025
2472 681966
2473 681908
2474 681843
2475 681798
2476 681647
2477 681519
2478 681479
2479 681410
2480 681361
2481 681237
2482 681014
2483 680698
2484 680656
2485 680655
2486 680483
2487 680244
2488 680230
2489 679929
2490 679840
2491 679585
2492 679570
2493 679559
2494 679401
2495 679351
2496 679347
2497 679296
2498 678881
2499 678832
2500 678642
2501 678502
2502 678426
2503 678099
2504 677707
2505 677664
2506 677639
2507 677626
2508 677468
2509 677435
2510 677224
2511 677218
2512 677112
2513 677008
2514 676965
2515 676896
2516 676863
2517 676791
2518 676761
2519 676596
2520 676580
2521 676452
2522 676429
2523 676429
2524 676326
2525 676293
2526 676187
2527 676181
2528 676151
2529 676109
2530 675923
2531 675856
2532 675659
2533 675629
2534 675577
2535 675497
2536 675496
2537 674893
2538 674806
2539 674731
2540 674695
2541 674570
2542 674460
2543 674150
2544 674043
2545 673919
2546 673564
2547 673020
2548 672869
2549 672848
2550 672631
2551 672572
2552 672309
2553 672309
2554 672266
2555 672137
2556 672130
2557 672093
2558 671902
2559 671873
2560 671643
2561 671472
2562 671454
2563 671450
2564 671428
2565 671371
2566 671284
2567 671162
2568 671120
2569 670907
2570 670840
2571 670671
2572 670622
2573 670209
2574 670189
2575 670185
2576 670136
2577 670080
2578 670072
2579 669701
2580 669627
2581 668877
2582 668844
2583 668770
2584 668683
2585 668660
2586 668619
2587 668413
2588 668255
2589 668224
2590 668217
2591 668133
2592 667930
2593 667754
2594 667590
2595 667567
2596 667474
2597 667447
2598 667328
2599 667245
2600 667193
2601 667182
2602 667147
2603 667144
2604 667142
2605 666897
2606 666838
2607 666826
2608 666812
2609 666806
2610 666431
2611 666391
2612 666248
2613 666234
2614 666109
2615 666103
2616 665827
2617 665684
2618 665605
2619 665427
2620 665202
2621 665107
2622 664938
2623 664668
2624 664612
2625 664517
2626 664164
2627 664071
2628 664011
2629 663728
2630 663692
2631 663689
2632 663306
2633 663128
2634 663115
2635 663102
2636 663099
2637 663009
2638 662868
2639 662858
2640 662583
2641 662322
2642 662310
2643 662050
2644 661782
2645 661749
2646 661735
2647 661538
2648 661492
2649 661451
2650 661228
2651 661191
2652 661089
2653 660916
2654 660898
2655 660790
2656 660221
2657 660125
2658 660060
2659 659983
2660 659855
2661 659767
2662 659646
2663 659444
2664 659413
2665 659401
2666 659288
2667 659230
2668 659124
2669 659103
2670 658937
2671 658918
2672 658856
2673 658772
2674 658624
2675 658367
2676 658272
2677 658250
2678 658169
2679 657629
2680 657569
2681 657564
2682 657453
2683 657392
2684 657348
2685 657299
2686 657276
2687 657225
2688 657027
2689 656913
2690 656715
2691 656489
2692 656447
2693 656440
2694 656167
2695 656119
2696 656009
2697 655980
2698 655846
2699 655758
2700 655706
2701 655676
2702 655675
2703 655648
2704 655646
2705 655535
2706 654815
2707 654786
2708 654739
2709 654660
2710 654655
2711 654422
2712 654387
2713 654174
2714 654082
2715 654080
2716 653982
2717 653972
2718 653684
2719 653601
2720 653524
2721 653325
2722 653254
2723 653237
2724 653114
2725 653058
2726 652819
2727 652818
2728 652688
2729 652532
2730 652253
2731 651973
2732 651950
2733 651901
2734 651628
2735 651539
2736 651426
2737 651272
2738 651201
2739 651199
2740 651191
2741 651144
2742 651093
2743 650994
2744 650884
2745 650758
2746 650754
2747 650751
2748 650710
2749 650460
2750 650308
2751 650197
2752 650154
2753 650153
2754 650026
2755 649712
2756 649528
2757 649443
2758 649425
2759 648627
2760 648576
2761 648483
2762 648412
2763 647855
2764 647769
2765 647651
2766 647498
2767 647494
2768 647316
2769 647046
2770 646958
2771 646686
2772 646675
2773 646632
2774 646619
2775 646456
2776 646387
2777 646379
2778 645777
2779 645667
2780 645604
2781 645389
2782 645365
2783 645335
2784 644895
2785 644639
2786 644364
2787 644278
2788 644195
2789 643859
2790 643760
2791 643507
2792 643318
2793 643207
2794 643061
2795 643054
2796 643026
2797 642931
2798 642892
2799 642820
2800 642766
2801 642684
2802 642575
2803 642410
2804 642145
2805 642060
2806 641974
2807 641871
2808 641807
2809 641731
2810 641551
2811 641543
2812 641486
2813 641338
2814 641192
2815 641176
2816 640970
2817 640801
2818 640520
2819 640404
2820 640197
2821 640163
2822 640088
2823 639678
2824 639583
2825 639568
2826 639367
2827 639303
2828 639281
2829 639202
2830 639162
2831 639028
2832 638738
2833 638482
2834 638414
2835 638322
2836 638240
2837 638157
2838 638127
2839 638080
2840 638055
2841 638029
2842 637722
2843 637702
2844 637684
2845 637545
2846 637478
2847 637475
2848 637378
2849 637373
2850 637112
2851 637015
2852 636823
2853 636694
2854 636663
2855 636548
2856 636485
2857 636371
2858 636351
2859 636349
2860 636103
2861 636065
2862 635975
2863 635945
2864 635874
2865 635844
2866 635712
2867 635658
2868 635481
2869 635414
2870 635403
2871 635400
2872 635230
2873 635075
2874 634971
2875 634959
2876 634898
2877 634746
2878 634507
2879 634382
2880 634354
2881 634317
2882 634265
2883 634193
2884 633904
2885 633895
2886 633795
2887 633494
2888 633309
2889 633268
2890 633233
2891 633160
2892 632981
2893 632797
2894 632760
2895 632458
2896 632369
2897 632367
2898 632261
2899 632066
2900 631945
2901 631792
2902 631672
2903 631417
2904 631389
2905 631197
2906 631141
2907 631032
2908 630990
2909 630942
2910 630895
2911 630670
2912 630520
2913 630497
2914 630306
2915 630113
2916 629936
2917 629904
2918 629870
2919 629847
2920 629836
2921 629821
2922 629725
2923 629634
2924 629630
2925 629553
2926 629326
2927 629235
2928 629168
2929 629119
2930 629101
2931 629009
2932 628591
2933 628473
2934 628420
2935 628335
2936 628265
2937 628188
2938 628037
2939 627925
2940 627747
2941 627552
2942 627464
2943 627192
2944 627123
2945 627054
2946 627035
2947 626712
2948 626533
2949 626483
2950 626477
2951 626386
2952 626272
2953 626106
2954 626091
2955 625880
2956 625862
2957 625826
2958 625365
2959 625216
2960 625148
2961 625129
2962 625086
2963 625016
2964 625013
2965 624965
2966 624948
2967 624844
2968 624792
2969 624568
2970 624184
2971 623957
2972 623842
2973 623778
2974 623681
2975 623676
2976 623446
2977 623290
2978 623132
2979 623068
2980 623051
2981 622695
2982 622631
2983 622588
2984 622343
2985 622299
2986 622230
2987 622210
2988 622134
2989 622073
2990 621940
2991 621816
2992 621814
2993 621762
2994 621556
2995 621513
2996 621213
2997 621022
2998 620884
2999 620841
3000 620774
3001 620727
3002 620725
3003 620636
3004 620244
3005 619967
3006 619859
3007 619838
3008 619509
3009 619371
3010 619356
3011 619324
3012 619237
3013 618668
3014 618542
3015 618276
3016 618232
3017 618169
3018 618166
3019 617852
3020 617689
3021 617679
3022 617508
3023 617171
3024 617060
3025 617012
3026 616875
3027 616797
3028 616319
3029 616302
3030 616232
3031 616181
3032 615944
3033 615707
3034 615691
3035 615680
3036 615468
3037 615394
3038 615295
3039 615123
3040 615016
3041 614906
3042 614672
3043 614476
3044 614426
3045 614420
3046 614371
3047 614356
3048 614256
3049 614245
3050 614240
3051 614065
3052 613905
3053 613898
3054 613861
3055 613588
3056 613521
3057 613452
3058 613442
3059 613429
3060 613402
3061 613390
3062 613294
3063 613239
3064 613113
3065 612936
3066 612752
3067 612621
3068 612568
3069 612538
3070 612353
3071 612237
3072 612203
3073 612160
3074 612130
3075 611762
3076 611643
3077 611523
3078 611205
3079 611053
3080 610777
3081 610723
3082 610721
3083 610707
3084 610701
3085 610640
3086 610422
3087 610356
3088 610249
3089 610246
3090 609699
3091 609663
3092 609516
3093 609452
3094 609368
3095 609031
3096 608887
3097 608757
3098 608694
3099 608611
3100 608563
3101 608438
3102 608399
3103 608271
3104 608208
3105 608166
3106 608108
3107 608040
3108 607810
3109 607680
3110 607665
3111 607608
3112 607193
3113 607121
3114 607106
3115 607100
3116 606965
3117 606863
3118 606705
3119 606585
3120 605994
3121 605937
3122 605434
3123 605344
3124 605316
3125 605304
3126 605212
3127 605209
3128 605143
3129 605105
3130 604927
3131 604868
3132 604833
3133 604634
3134 604552
3135 604533
3136 604425
3137 604414
3138 604375
3139 604325
3140 604139
3141 604007
3142 603843
3143 603738
3144 603654
3145 603556
3146 603547
3147 603498
3148 603364
3149 603330
3150 603317
3151 602882
3152 602300
3153 602162
3154 601776
3155 601378
3156 601317
3157 601274
3158 601210
3159 601103
3160 600891
3161 600735
3162 600702
3163 600601
3164 600530
3165 600470
3166 600343
3167 600199
3168 600109
3169 600100
3170 600098
3171 600054
3172 599799
3173 599791
3174 599784
3175 599723
3176 599579
3177 599415
3178 599288
3179 599211
3180 599187
3181 599022
3182 598879
3183 598869
3184 598846
3185 598828
3186 598464
3187 598409
3188 597878
3189 597809
3190 597662
3191 597519
3192 597498
3193 597420
3194 597341
3195 597147
3196 597131
3197 597055
3198 596965
3199 596919
3200 596876
3201 596617
3202 596249
3203 596185
3204 595616
3205 595322
3206 595168
3207 595139
3208 595084
3209 594973
3210 594955
3211 594889
3212 594854
3213 594793
3214 594555
3215 594422
3216 594389
3217 594274
3218 594202
3219 594178
3220 593837
3221 593835
3222 593758
3223 593644
3224 593617
3225 593581
3226 593577
3227 593516
3228 593458
3229 593195
3230 593146
3231 592754
3232 592732
3233 592681
3234 592582
3235 592573
3236 592444
3237 592404
3238 592395
3239 592357
3240 591978
3241 591554
3242 591546
3243 591507
3244 591313
3245 591255
3246 591149
3247 590748
3248 590318
3249 590137
3250 589921
3251 589888
3252 589806
3253 589803
3254 589739
3255 589627
3256 589398
3257 589256
3258 589232
3259 588618
3260 588435
3261 588377
3262 588219
3263 588215
3264 588170
3265 588158
3266 587930
3267 587871
3268 587411
3269 586836
3270 586746
3271 586727
3272 586700
3273 586331
3274 586330
3275 586241
3276 586237
3277 586200
3278 586171
3279 586068
3280 585960
3281 585905
3282 585740
3283 585696
3284 585483
3285 585455
3286 585343
3287 585214
3288 585188
3289 585153
3290 584740
3291 584480
3292 584414
3293 584356
3294 584143
3295 584056
3296 583980
3297 583921
3298 583853
3299 583775
3300 583606
3301 583467
3302 583383
3303 583378
3304 583314
3305 583182
3306 583074
3307 583046
3308 582996
3309 582906
3310 582786
3311 582629
3312 582627
3313 582578
3314 582503
3315 582502
3316 582390
3317 582132
3318 582055
3319 581997
3320 581801
3321 581689
3322 581624
3323 581525
3324 581191
3325 581153
3326 580995
3327 580956
3328 580816
3329 580806
3330 580669
3331 580636
3332 580509
3333 580428
3334 580317
3335 579862
3336 579856
3337 579832
3338 579817
3339 579624
3340 579599
3341 579502
3342 579443
3343 579222
3344 579179
3345 578641
3346 578564
3347 578492
3348 578305
3349 578148
3350 578142
3351 577616
3352 577508
3353 577128
3354 577083
3355 576718
3356 576631
3357 576600
3358 576568
3359 576542
3360 576483
3361 576171
3362 576100
3363 576036
3364 575661
3365 575638
3366 575382
3367 575123
3368 574969
3369 574876
3370 574795
3371 574755
3372 574702
3373 574630
3374 574565
3375 574520
3376 574499
3377 574451
3378 574347
3379 574322
3380 574292
3381 574247
3382 574017
3383 573936
3384 573777
3385 573724
3386 573532
3387 573441
3388 573378
3389 573360
3390 573073
3391 572584
3392 572544
3393 572456
3394 572363
3395 572233
3396 572220
3397 572191
3398 572160
3399 572062
3400 571889
3401 571832
3402 571821
3403 571642
3404 571417
3405 571308
3406 571270
3407 571127
3408 570988
3409 570907
3410 570905
3411 570599
3412 570523
3413 570371
3414 570352
3415 570150
3416 570124
3417 570067
3418 569955
3419 569947
3420 569821
3421 569726
3422 569634
3423 569574
3424 569489
3425 569441
3426 569276
3427 569223
3428 568788
3429 568753
3430 568667
3431 568502
3432 568029
3433 567968
3434 567958
3435 567935
3436 567847
3437 567845
3438 567615
3439 567610
3440 567603
3441 567569
3442 567528
3443 567475
3444 567473
3445 567467
3446 567175
3447 567128
3448 566926
3449 566859
3450 566857
3451 566404
3452 566306
3453 566244
3454 566222
3455 566171
3456 566134
3457 566059
3458 566003
3459 565913
3460 565872
3461 565740
3462 565355
3463 565120
3464 564961
3465 564921
3466 564852
3467 564777
3468 564326
3469 564215
3470 564189
3471 564130
3472 564122
3473 564045
3474 563948
3475 563941
3476 563933
3477 563919
3478 563875
3479 563608
3480 563603
3481 563475
3482 563460
3483 563116
3484 563066
3485 562907
3486 562802
3487 562620
3488 562555
3489 562528
3490 562493
3491 562476
3492 562442
3493 562267
3494 562227
3495 562186
3496 562162
3497 561889
3498 561779
3499 561705
3500 561565
3501 561545
3502 561500
3503 561423
3504 561201
3505 561194
3506 560798
3507 560646
3508 560620
3509 560603
3510 560417
3511 560275
3512 560226
3513 560199
3514 560100
3515 560053
3516 559933
3517 559800
3518 559662
3519 559636
3520 559459
3521 559431
3522 559327
3523 559259
3524 559212
3525 559200
3526 558695
3527 558692
3528 558542
3529 558467
3530 558443
3531 557943
3532 557651
3533 557463
3534 556615
3535 556615
3536 556531
3537 556366
3538 556221
3539 555745
3540 555645
3541 555605
3542 555436
3543 555361
3544 555266
3545 555232
3546 555150
3547 555095
3548 555089
3549 555041
3550 554937
3551 554899
3552 554685
3553 554619
3554 554488
3555 554344
3556 554083
3557 554063
3558 553720
3559 553636
3560 553492
3561 553423
3562 553412
3563 553352
3564 553247
3565 553106
3566 553039
3567 553012
3568 552816
3569 552756
3570 552500
3571 552485
3572 552360
3573 552230
3574 551973
3575 551662
3576 551580
3577 551487
3578 551478
3579 551404
3580 551333
3581 551214
3582 551176
3583 551073
3584 551030
3585 550954
3586 550846
3587 550837
3588 550755
3589 550615
3590 550495
3591 550427
3592 550242
3593 550239
3594 550106
3595 550075
3596 550065
3597 550003
3598 549979
3599 549876
3600 549792
3601 549599
3602 549532
3603 549501
3604 549289
3605 549224
3606 548950
3607 548917
3608 548777
3609 548722
3610 548708
3611 548566
3612 548346
3613 548132
3614 548116
3615 548059
3616 547941
3617 547827
3618 547818
3619 547611
3620 547558
3621 547442
3622 547257
3623 547174
3624 546913
3625 546898
3626 546650
3627 546625
3628 546545
3629 546143
3630 546121
3631 546010
3632 545883
3633 545707
3634 545653
3635 545647
3636 545527
3637 545393
3638 545376
3639 545244
3640 545014
3641 544997
3642 544877
3643 544674
3644 544537
3645 544537
3646 544533
3647 544444
3648 544405
3649 544151
3650 544025
3651 544019
3652 543950
3653 543935
3654 543840
3655 543759
3656 543745
3657 543646
3658 543576
3659 543558
3660 543409
3661 543346
3662 543289
3663 543273
3664 543102
3665 543010
3666 542933
3667 542889
3668 542889
3669 542750
3670 542580
3671 542571
3672 542559
3673 542056
3674 542014
3675 541896
3676 541891
3677 541766
3678 541670
3679 541500
3680 541434
3681 541403
3682 541391
3683 541247
3684 541012
3685 540943
3686 540802
3687 540781
3688 540643
3689 540553
3690 540533
3691 540513
3692 540247
3693 540200
3694 540200
3695 540007
3696 539964
3697 539957
3698 539870
3699 539626
3700 539533
3701 539482
3702 539393
3703 539326
3704 539216
3705 538942
3706 538776
3707 538731
3708 538714
3709 538582
3710 538574
3711 538500
3712 538276
3713 538224
3714 537987
3715 537902
3716 537718
3717 537500
3718 537407
3719 537377
3720 537163
3721 537148
3722 537133
3723 537072
3724 536993
3725 536761
3726 536620
3727 536460
3728 536425
3729 536281
3730 536000
3731 535836
3732 535823
3733 535674
3734 535532
3735 535489
3736 535445
3737 535344
3738 535343
3739 535306
3740 535193
3741 535148
3742 534878
3743 534838
3744 534402
3745 534370
3746 534331
3747 533941
3748 533844
3749 533752
3750 533742
3751 533429
3752 533367
3753 533352
3754 533324
3755 533321
3756 533300
3757 532984
3758 532829
3759 532488
3760 532486
3761 532478
3762 532467
3763 532299
3764 532289
3765 532211
3766 532014
3767 531730
3768 531699
3769 531462
3770 531330
3771 531223
3772 531209
3773 531174
3774 531121
3775 530864
3776 530733
3777 530588
3778 530466
3779 530135
3780 530113
3781 530021
3782 529991
3783 529982
3784 529908
3785 529873
3786 529818
3787 529790
3788 529774
3789 529682
3790 529468
3791 529378
3792 529295
3793 528763
3794 528756
3795 528705
3796 528683
3797 528201
3798 528162
3799 528082
3800 527993
3801 527986
3802 527848
3803 527761
3804 527710
3805 527440
3806 527387
3807 527310
3808 527270
3809 527020
3810 527015
3811 526784
3812 526487
3813 526458
3814 526392
3815 526160
3816 525967
3817 525934
3818 525921
3819 525920
3820 525915
3821 525821
3822 525756
3823 525700
3824 525594
3825 525575
3826 525481
3827 525325
3828 525290
3829 525259
3830 524871
3831 524865
3832 524856
3833 524796
3834 524692
3835 524622
3836 524383
3837 524228
3838 523655
3839 523628
3840 523624
3841 523489
3842 523435
3843 523364
3844 523260
3845 523208
3846 522999
3847 522840
3848 522775
3849 522723
3850 522211
3851 522129
3852 522125
3853 521953
3854 521910
3855 521879
3856 521639
3857 521537
3858 521534
3859 521526
3860 521515
3861 521202
3862 521058
3863 520953
3864 520797
3865 520679
3866 520564
3867 520498
3868 520466
3869 520464
3870 520439
3871 520288
3872 520249
3873 520240
3874 520054
3875 519954
3876 519729
3877 519678
3878 519542
3879 519527
3880 519496
3881 519437
3882 519360
3883 519068
3884 518738
3885 518502
3886 518418
3887 518404
3888 518253
3889 518183
3890 518107
3891 518037
3892 517981
3893 517754
3894 517699
3895 517697
3896 517390
3897 517256
3898 517193
3899 517164
3900 517125
3901 516944
3902 516833
3903 516723
3904 516659
3905 516438
3906 516356
3907 516075
3908 516032
3909 515883
3910 515692
3911 515637
3912 515180
3913 515135
3914 515067
3915 514875
3916 514873
3917 514663
3918 514555
3919 514410
3920 514303
3921 513958
3922 513715
3923 513420
3924 513232
3925 512954
3926 512664
3927 512647
3928 512221
3929 512057
3930 511968
3931 511947
3932 511937
3933 511874
3934 511822
3935 511659
3936 511652
3937 511324
3938 510934
3939 510386
3940 510314
3941 510105
3942 509802
3943 509674
3944 509450
3945 509270
3946 509125
3947 509060
3948 508986
3949 508929
3950 508677
3951 508568
3952 508506
3953 508146
3954 508064
3955 508007
3956 508003
3957 507978
3958 507754
3959 507643
3960 506985
3961 506765
3962 506702
3963 506602
3964 506049
3965 505956
3966 505576
3967 505523
3968 505434
3969 505381
3970 505275
3971 505221
3972 505163
3973 504987
3974 504904
3975 504800
3976 504729
3977 504336
3978 504119
3979 504000
3980 503789
3981 503737
3982 503663
3983 503484
3984 503417
3985 503273
3986 503139
3987 503051
3988 503040
3989 502896
3990 502685
3991 502684
3992 502672
3993 502413
3994 501999
3995 501959
3996 501790
3997 501762
3998 501758
3999 501656
4000 501648
4001 501618
4002 501567
4003 501566
4004 501469
4005 501409
4006 501389
4007 501305
4008 501188
4009 501146
4010 501106
4011 501104
4012 500927
4013 500750
4014 500484
4015 500240
4016 500238
4017 500106
4018 500067
4019 500018
4020 499888
4021 499814
4022 499611
4023 499220
4024 499141
4025 498970
4026 498879
4027 498450
4028 498435
4029 498040
4030 497941
4031 497878
4032 497854
4033 497571
4034 497195
4035 497135
4036 497056
4037 497038
4038 496959
4039 496804
4040 496688
4041 496678
4042 496678
4043 496588
4044 496556
4045 496532
4046 496414
4047 496280
4048 496212
4049 496208
4050 496083
4051 495989
4052 495871
4053 495637
4054 495610
4055 495498
4056 495054
4057 494861
4058 494554
4059 494293
4060 494235
4061 493992
4062 493985
4063 493982
4064 493544
4065 493529
4066 493508
4067 493380
4068 493236
4069 493206
4070 492849
4071 492758
4072 492747
4073 492420
4074 492355
4075 492238
4076 492232
4077 492166
4078 491837
4079 491778
4080 491386
4081 491220
4082 491115
4083 491110
4084 491062
4085 491002
4086 490917
4087 490657
4088 490624
4089 490576
4090 490568
4091 490377
4092 490325
4093 490295
4094 490234
4095 490064
4096 489891
4097 489636
4098 489619
4099 489421
4100 489335
4101 489196
4102 488876
4103 488868
4104 488837
4105 488792
4106 488784
4107 488609
4108 488587
4109 488478
4110 488383
4111 488361
4112 488255
4113 487986
4114 487892
4115 487871
4116 487756
4117 487426
4118 486688
4119 486555
4120 486546
4121 486540
4122 486281
4123 486186
4124 486154
4125 485959
4126 485935
4127 485917
4128 485813
4129 485721
4130 485378
4131 485208
4132 485092
4133 485076
4134 484901
4135 484882
4136 484749
4137 484542
4138 484498
4139 484491
4140 484234
4141 484071
4142 483832
4143 483794
4144 483696
4145 483509
4146 483490
4147 483302
4148 483248
4149 483086
4150 482990
4151 482981
4152 482908
4153 482702
4154 482610
4155 482570
4156 482544
4157 482433
4158 482111
4159 482095
4160 482092
4161 481991
4162 481792
4163 481531
4164 481362
4165 481179
4166 481079
4167 480957
4168 480821
4169 480757
4170 480568
4171 480329
4172 480295
4173 480271
4174 480269
4175 480046
4176 479991
4177 479877
4178 479745
4179 479619
4180 479594
4181 479593
4182 479509
4183 479342
4184 479256
4185 479188
4186 479002
4187 478915
4188 478889
4189 478689
4190 478543
4191 478508
4192 478360
4193 477828
4194 477827
4195 477703
4196 477645
4197 477627
4198 477612
4199 477497
4200 477384
4201 477369
4202 477325
4203 477291
4204 477242
4205 477051
4206 477003
4207 476988
4208 476949
4209 476851
4210 476721
4211 476679
4212 476630
4213 476413
4214 476281
4215 476024
4216 475646
4217 475525
4218 475368
4219 475242
4220 475144
4221 474994
4222 474855
4223 474378
4224 474219
4225 474050
4226 473683
4227 473604
4228 473543
4229 473445
4230 473432
4231 473095
4232 472879
4233 472707
4234 472647
4235 472482
4236 472331
4237 472249
4238 472221
4239 472016
4240 472014
4241 471975
4242 471836
4243 471705
4244 471661
4245 471469
4246 471271
4247 471014
4248 470993
4249 470689
4250 470531
4251 470520
4252 470304
4253 470068
4254 469986
4255 469858
4256 469626
4257 469599
4258 469432
4259 469415
4260 469400
4261 469310
4262 469190
4263 469143
4264 469069
4265 468730
4266 468655
4267 468605
4268 468578
4269 468527
4270 468415
4271 468357
4272 468276
4273 468247
4274 468195
4275 468104
4276 468069
4277 467494
4278 467325
4279 467195
4280 467096
4281 467023
4282 466713
4283 466637
4284 466604
4285 466601
4286 466021
4287 465930
4288 465658
4289 465571
4290 465498
4291 465416
4292 465243
4293 465053
4294 465020
4295 464692
4296 464647
4297 464571
4298 464364
4299 464290
4300 464194
4301 463828
4302 463822
4303 463811
4304 463759
4305 463652
4306 463586
4307 463373
4308 463056
4309 463025
4310 462704
4311 462516
4312 462370
4313 462365
4314 462205
4315 461839
4316 461821
4317 461811
4318 461741
4319 461150
4320 460667
4321 460617
4322 460355
4323 459965
4324 459854
4325 459637
4326 459477
4327 459359
4328 458926
4329 458882
4330 458683
4331 458624
4332 458485
4333 458251
4334 458195
4335 458098
4336 458062
4337 458049
4338 457982
4339 457754
4340 457712
4341 457638
4342 457537
4343 457435
4344 457185
4345 457162
4346 457137
4347 457137
4348 456946
4349 456899
4350 456770
4351 456767
4352 456759
4353 456464
4354 456451
4355 456376
4356 456369
4357 456337
4358 456244
4359 456136
4360 456103
4361 456017
4362 455950
4363 455685
4364 455620
4365 455565
4366 455501
4367 455483
4368 455106
4369 454899
4370 454816
4371 454814
4372 454650
4373 454632
4374 454574
4375 454482
4376 454271
4377 453964
4378 453880
4379 453846
4380 453743
4381 453724
4382 453661
4383 453471
4384 453456
4385 453396
4386 453256
4387 453139
4388 453136
4389 453053
4390 452987
4391 452950
4392 452932
4393 452893
4394 452762
4395 452542
4396 452439
4397 452331
4398 452207
4399 451946
4400 451852
4401 451841
4402 451593
4403 451502
4404 451325
4405 451132
4406 451057
4407 451021
4408 450587
4409 450513
4410 450107
4411 450095
4412 450008
4413 449705
4414 449479
4415 449233
4416 449149
4417 449088
4418 449076
4419 448953
4420 448948
4421 448905
4422 448804
4423 448779
4424 448708
4425 448674
4426 448435
4427 448393
4428 447971
4429 447919
4430 447917
4431 447894
4432 447834
4433 447506
4434 447029
4435 446927
4436 446797
4437 446759
4438 446744
4439 446702
4440 446578
4441 446532
4442 446357
4443 446338
4444 446303
4445 446249
4446 446201
4447 446062
4448 445975
4449 445840
4450 445756
4451 445527
4452 445453
4453 445400
4454 445400
4455 445209
4456 445123
4457 445121
4458 445095
4459 445007
4460 444723
4461 444491
4462 444451
4463 444291
4464 444213
4465 443672
4466 443582
4467 443573
4468 443246
4469 443217
4470 443173
4471 443106
4472 443078
4473 442882
4474 442830
4475 442456
4476 442380
4477 442225
4478 442201
4479 442133
4480 441980
4481 441880
4482 441879
4483 441853
4484 441657
4485 441537
4486 441473
4487 441224
4488 441182
4489 441156
4490 441080
4491 441073
4492 440831
4493 440717
4494 440510
4495 440386
4496 440375
4497 440079
4498 440054
4499 439882
4500 439636
4501 439459
4502 439420
4503 439348
4504 439292
4505 438970
4506 438957
4507 438757
4508 438592
4509 438541
4510 438406
4511 438402
4512 438284
4513 438218
4514 437802
4515 437502
4516 437393
4517 437368
4518 437186
4519 437177
4520 437121
4521 436971
4522 436915
4523 436820
4524 436677
4525 436550
4526 436539
4527 436343
4528 435938
4529 435825
4530 435730
4531 435588
4532 435489
4533 435481
4534 435410
4535 435347
4536 435141
4537 435066
4538 435032
4539 434989
4540 434884
4541 434716
4542 434675
4543 434671
4544 434631
4545 434617
4546 434470
4547 434442
4548 434361
4549 434249
4550 434224
4551 434084
4552 434037
4553 433760
4554 433430
4555 433412
4556 433206
4557 433042
4558 433017
4559 432936
4560 432847
4561 432811
4562 432620
4563 432498
4564 432356
4565 432260
4566 431639
4567 431175
4568 430820
4569 430348
4570 430259
4571 430252
4572 430157
4573 430116
4574 430113
4575 430088
4576 430065
4577 429996
4578 429918
4579 429578
4580 429403
4581 429386
4582 429053
4583 428912
4584 428635
4585 428422
4586 428334
4587 428273
4588 428234
4589 428033
4590 427946
4591 427911
4592 427754
4593 427744
4594 427627
4595 427600
4596 427126
4597 427108
4598 427044
4599 426867
4600 426808
4601 426770
4602 426624
4603 426591
4604 426517
4605 426382
4606 426250
4607 426232
4608 426109
4609 426082
4610 425905
4611 425606
4612 425519
4613 425304
4614 425249
4615 425149
4616 425121
4617 425098
4618 424734
4619 424506
4620 424487
4621 424408
4622 424366
4623 423990
4624 423777
4625 423735
4626 423625
4627 423568
4628 423527
4629 423350
4630 423333
4631 423251
4632 423207
4633 423150
4634 422578
4635 422528
4636 422493
4637 422074
4638 421487
4639 421432
4640 421365
4641 421246
4642 421113
4643 420843
4644 420799
4645 420424
4646 420418
4647 420117
4648 420061
4649 419999
4650 419964
4651 419905
4652 419606
4653 419447
4654 419323
4655 419139
4656 418895
4657 418892
4658 418870
4659 418867
4660 418843
4661 418712
4662 418655
4663 418597
4664 418339
4665 418333
4666 418325
4667 418241
4668 418081
4669 418063
4670 417895
4671 417800
4672 417692
4673 417686
4674 417669
4675 417561
4676 417440
4677 417370
4678 417124
4679 416950
4680 416910
4681 416615
4682 416459
4683 416101
4684 415784
4685 415777
4686 415771
4687 415662
4688 415388
4689 415317
4690 415306
4691 415233
4692 415160
4693 415091
4694 415044
4695 415039
4696 414847
4697 414768
4698 414694
4699 414567
4700 414339
4701 414193
4702 414092
4703 414047
4704 413994
4705 413944
4706 413906
4707 413804
4708 413726
4709 413643
4710 413634
4711 413513
4712 413407
4713 413382
4714 413356
4715 413279
4716 412840
4717 412799
4718 412748
4719 412586
4720 412477
4721 412475
4722 412393
4723 412348
4724 412124
4725 411451
4726 411355
4727 411218
4728 411160
4729 411095
4730 410942
4731 410700
4732 410597
4733 410514
4734 410513
4735 410487
4736 410485
4737 410478
4738 410458
4739 410289
4740 410113
4741 410111
4742 410029
4743 409955
4744 409882
4745 409746
4746 409724
4747 409642
4748 409408
4749 409387
4750 409268
4751 409136
4752 409100
4753 408837
4754 408663
4755 408626
4756 408600
4757 408587
4758 408509
4759 408357
4760 408322
4761 408201
4762 408194
4763 407731
4764 407604
4765 407583
4766 407557
4767 407497
4768 407302
4769 407290
4770 407206
4771 407184
4772 407077
4773 407004
4774 406876
4775 406654
4776 406634
4777 406629
4778 406611
4779 406487
4780 406244
4781 406239
4782 406055
4783 405996
4784 405739
4785 405638
4786 405577
4787 405241
4788 405148
4789 404972
4790 404960
4791 404736
4792 404711
4793 404604
4794 404514
4795 404356
4796 404284
4797 404068
4798 403888
4799 403558
4800 403416
4801 403351
4802 402781
4803 402579
4804 402445
4805 402149
4806 402125
4807 402053
4808 401944
4809 401943
4810 401910
4811 401858
4812 401534
4813 401255
4814 401224
4815 401201
4816 401006
4817 400827
4818 400676
4819 400471
4820 400440
4821 400427
4822 400383
4823 400078
4824 400015
4825 399967
4826 399733
4827 399659
4828 399590
4829 399501
4830 399391
4831 399367
4832 399098
4833 399028
4834 398842
4835 398690
4836 398634
4837 398604
4838 398122
4839 398020
4840 397975
4841 397733
4842 397347
4843 397071
4844 397021
4845 396981
4846 396943
4847 396748
4848 396673
4849 396415
4850 396400
4851 396337
4852 396309
4853 396240
4854 396221
4855 396189
4856 395879
4857 395813
4858 395808
4859 395629
4860 395498
4861 395316
4862 395235
4863 395003
4864 394922
4865 394833
4866 394221
4867 394090
4868 394063
4869 393972
4870 393911
4871 393903
4872 393740
4873 393673
4874 393584
4875 393392
4876 393342
4877 393281
4878 392995
4879 392570
4880 392094
4881 392005
4882 391992
4883 391985
4884 391873
4885 391833
4886 391825
4887 391806
4888 391707
4889 391641
4890 391629
4891 391509
4892 391298
4893 391286
4894 391234
4895 391146
4896 391077
4897 390962
4898 390904
4899 390825
4900 390767
4901 390635
4902 390598
4903 390494
4904 390464
4905 390446
4906 390435
4907 390319
4908 389803
4909 389730
4910 389580
4911 389429
4912 389275
4913 389196
4914 389103
4915 389082
4916 389064
4917 389059
4918 389046
4919 388958
4920 388772
4921 388672
4922 388135
4923 388073
4924 387928
4925 387591
4926 387380
4927 387174
4928 387155
4929 387040
4930 386853
4931 386845
4932 386518
4933 386482
4934 386469
4935 386363
4936 386285
4937 386229
4938 386005
4939 385507
4940 385494
4941 385221
4942 385092
4943 384631
4944 384271
4945 384258
4946 384224
4947 384213
4948 384202
4949 384197
4950 383869
4951 383806
4952 383747
4953 383465
4954 383456
4955 383446
4956 383278
4957 383261
4958 383255
4959 383165
4960 382950
4961 382925
4962 382815
4963 382765
4964 382616
4965 382540
4966 382533
4967 382456
4968 382262
4969 382193
4970 382121
4971 381966
4972 381866
4973 381747
4974 380987
4975 380984
4976 380939
4977 380898
4978 380739
4979 380599
4980 380565
4981 380439
4982 380392
4983 380226
4984 380211
4985 380171
4986 380135
4987 380102
4988 380022
4989 379822
4990 379569
4991 379499
4992 379479
4993 379276
4994 379266
4995 379218
4996 379036
4997 378653
4998 378529
4999 378408
5000 378397
5001 378127
5002 377875
5003 377831
5004 377795
5005 377674
5006 377551
5007 377493
5008 377325
5009 377202
5010 377187
5011 377152
5012 377087
5013 376758
5014 376321
5015 376289
5016 376244
5017 376209
5018 376067
5019 376017
5020 376012
5021 375980
5022 375753
5023 375710
5024 375577
5025 375457
5026 375338
5027 375198
5028 375159
5029 375153
5030 375059
5031 375041
5032 374970
5033 374750
5034 374613
5035 374510
5036 374460
5037 374424
5038 374392
5039 374359
5040 374307
5041 374267
5042 374142
5043 374071
5044 373807
5045 373769
5046 373732
5047 373580
5048 373561
5049 373292
5050 373024
5051 373010
5052 372997
5053 372800
5054 372773
5055 372722
5056 372468
5057 372044
5058 372008
5059 371993
5060 371765
5061 371677
5062 371519
5063 371438
5064 371281
5065 371243
5066 371195
5067 371050
5068 371000
5069 370631
5070 370356
5071 370270
5072 370263
5073 370084
5074 370056
5075 369919
5076 369791
5077 369767
5078 369650
5079 369458
5080 369404
5081 369227
5082 369150
5083 369091
5084 369032
5085 368971
5086 368897
5087 368503
5088 368374
5089 368268
5090 368032
5091 367964
5092 367834
5093 367820
5094 367773
5095 367759
5096 367662
5097 367424
5098 367368
5099 367281
5100 366744
5101 366558
5102 366484
5103 366452
5104 366403
5105 366178
5106 366176
5107 365855
5108 365827
5109 365695
5110 365398
5111 365365
5112 365126
5113 364673
5114 364512
5115 364236
5116 364125
5117 364095
5118 363960
5119 363943
5120 363921
5121 363762
5122 363553
5123 363339
5124 363173
5125 362447
5126 362400
5127 362088
5128 361293
5129 361216
5130 361149
5131 361111
5132 360996
5133 360888
5134 360301
5135 360284
5136 360138
5137 360105
5138 359953
5139 359933
5140 359720
5141 359672
5142 359649
5143 359612
5144 359534
5145 359256
5146 359017
5147 358812
5148 358795
5149 358789
5150 358699
5151 358628
5152 358605
5153 358458
5154 358420
5155 358340
5156 358099
5157 357906
5158 357786
5159 357330
5160 357151
5161 357114
5162 357109
5163 357034
5164 356982
5165 356883
5166 356814
5167 356718
5168 356607
5169 356599
5170 356438
5171 356328
5172 356307
5173 356154
5174 356086
5175 356057
5176 355728
5177 355582
5178 355186
5179 355166
5180 355155
5181 355037
5182 354938
5183 354860
5184 354747
5185 354714
5186 354677
5187 354650
5188 354229
5189 354063
5190 353937
5191 353919
5192 353823
5193 353801
5194 353765
5195 353586
5196 353523
5197 353292
5198 353171
5199 353133
5200 353087
5201 353066
5202 353037
5203 352779
5204 352764
5205 352713
5206 352660
5207 352517
5208 352501
5209 352440
5210 352313
5211 352038
5212 351897
5213 351830
5214 351633
5215 351414
5216 351360
5217 351327
5218 351077
5219 350868
5220 350606
5221 350322
5222 350248
5223 350194
5224 350076
5225 350016
5226 349611
5227 349585
5228 349473
5229 349439
5230 348941
5231 348261
5232 348233
5233 348173
5234 347838
5235 347556
5236 347407
5237 347256
5238 347169
5239 347154
5240 346952
5241 346936
5242 346878
5243 346812
5244 346481
5245 346409
5246 346396
5247 346344
5248 346098
5249 345947
5250 345873
5251 345571
5252 345527
5253 345503
5254 345210
5255 345159
5256 345114
5257 344929
5258 344925
5259 344903
5260 344757
5261 344604
5262 344327
5263 344227
5264 344123
5265 344071
5266 344067
5267 343699
5268 343085
5269 342983
5270 342983
5271 342948
5272 342923
5273 342729
5274 342701
5275 342635
5276 342464
5277 342415
5278 342389
5279 342337
5280 342046
5281 341948
5282 341804
5283 341649
5284 341635
5285 341589
5286 341586
5287 341550
5288 341065
5289 341065
5290 340927
5291 340821
5292 340713
5293 340644
5294 340604
5295 340528
5296 340374
5297 340275
5298 340104
5299 339853
5300 339797
5301 339786
5302 339779
5303 339498
5304 339481
5305 339475
5306 339161
5307 339100
5308 339014
5309 338992
5310 338876
5311 338851
5312 338796
5313 338778
5314 338776
5315 338705
5316 338029
5317 337824
5318 337669
5319 337526
5320 337381
5321 337214
5322 337083
5323 336986
5324 336968
5325 336905
5326 336754
5327 336752
5328 336635
5329 336576
5330 336495
5331 336459
5332 336320
5333 336282
5334 335784
5335 335755
5336 335745
5337 335719
5338 335648
5339 335640
5340 335526
5341 335449
5342 335392
5343 335023
5344 335001
5345 334925
5346 334922
5347 334814
5348 334615
5349 334472
5350 334466
5351 334325
5352 334315
5353 334250
5354 334245
5355 334223
5356 334052
5357 333968
5358 333943
5359 333932
5360 333673
5361 333621
5362 333530
5363 333221
5364 333047
5365 332965
5366 332859
5367 332442
5368 332109
5369 332016
5370 331894
5371 331710
5372 331487
5373 331306
5374 331225
5375 331197
5376 330881
5377 330846
5378 330716
5379 330597
5380 330571
5381 330360
5382 330134
5383 329725
5384 329593
5385 329591
5386 329512
5387 328991
5388 328824
5389 328632
5390 328457
5391 328457
5392 328303
5393 328235
5394 328009
5395 327994
5396 327980
5397 327965
5398 327925
5399 327832
5400 327766
5401 327687
5402 327429
5403 327353
5404 327332
5405 327322
5406 327302
5407 327012
5408 326996
5409 326728
5410 326473
5411 326380
5412 326243
5413 326234
5414 326168
5415 326039
5416 325958
5417 325840
5418 325795
5419 325744
5420 325695
5421 325624
5422 325619
5423 325554
5424 325486
5425 325370
5426 325309
5427 325015
5428 324877
5429 324855
5430 324816
5431 324788
5432 324676
5433 324638
5434 324625
5435 324413
5436 324275
5437 324259
5438 324199
5439 324129
5440 324095
5441 323996
5442 323841
5443 323827
5444 323688
5445 323397
5446 323259
5447 323109
5448 323034
5449 322995
5450 322949
5451 322844
5452 322704
5453 322654
5454 322637
5455 322613
5456 322585
5457 322559
5458 322310
5459 322111
5460 322048
5461 321740
5462 321664
5463 321298
5464 320841
5465 320645
5466 320607
5467 320338
5468 320168
5469 320037
5470 319229
5471 318929
5472 318872
5473 318747
5474 318340
5475 318290
5476 318225
5477 317795
5478 317703
5479 317569
5480 317536
5481 317371
5482 317205
5483 317204
5484 317146
5485 317001
5486 316916
5487 316882
5488 316805
5489 316780
5490 316703
5491 316672
5492 316532
5493 316341
5494 316237
5495 316234
5496 316197
5497 316011
5498 315986
5499 315737
5500 315726
5501 315404
5502 315351
5503 315339
5504 315231
5505 315211
5506 315127
5507 315123
5508 314948
5509 314884
5510 314782
5511 314596
5512 314490
5513 314468
5514 314241
5515 314094
5516 314026
5517 313822
5518 313779
5519 313653
5520 313319
5521 313019
5522 313010
5523 312923
5524 312894
5525 312861
5526 312510
5527 312375
5528 312197
5529 312142
5530 312096
5531 312095
5532 311917
5533 311867
5534 311763
5535 311641
5536 311338
5537 311134
5538 310894
5539 310890
5540 310688
5541 310545
5542 310054
5543 309823
5544 309742
5545 309642
5546 309498
5547 309404
5548 309348
5549 309214
5550 309103
5551 308957
5552 308953
5553 308577
5554 308329
5555 308306
5556 308302
5557 307843
5558 307771
5559 307709
5560 307573
5561 307399
5562 307184
5563 306948
5564 306917
5565 306853
5566 306774
5567 306717
5568 306608
5569 306564
5570 306496
5571 306347
5572 305825
5573 305780
5574 305543
5575 305486
5576 305264
5577 305154
5578 304799
5579 304564
5580 304557
5581 304467
5582 304320
5583 304168
5584 304014
5585 303909
5586 303808
5587 303485
5588 303111
5589 303040
5590 302760
5591 302686
5592 302480
5593 302279
5594 302249
5595 302205
5596 302094
5597 301960
5598 301838
5599 301751
5600 301611
5601 301501
5602 301314
5603 301145
5604 301082
5605 300901
5606 300890
5607 300626
5608 300608
5609 300601
5610 300522
5611 300473
5612 300395
5613 300147
5614 300010
5615 299792
5616 299655
5617 299582
5618 298689
5619 298671
5620 298662
5621 298645
5622 298602
5623 298452
5624 298372
5625 298338
5626 298260
5627 298134
5628 297960
5629 297897
5630 297895
5631 297412
5632 297244
5633 297084
5634 297039
5635 296863
5636 296594
5637 296448
5638 296445
5639 296128
5640 296014
5641 295874
5642 295870
5643 295721
5644 295606
5645 295537
5646 295137
5647 295001
5648 294878
5649 294671
5650 294670
5651 294511
5652 294345
5653 294243
5654 293942
5655 293757
5656 293739
5657 293449
5658 293400
5659 293371
5660 293166
5661 293148
5662 293114
5663 292882
5664 292842
5665 292709
5666 292616
5667 292540
5668 292246
5669 292228
5670 292117
5671 292103
5672 292066
5673 291731
5674 291593
5675 291508
5676 291421
5677 291287
5678 291138
5679 291068
5680 290797
5681 290541
5682 290515
5683 290499
5684 290446
5685 290441
5686 290167
5687 289940
5688 289676
5689 289621
5690 289557
5691 289320
5692 289303
5693 289116
5694 289101
5695 289086
5696 289044
5697 288927
5698 288592
5699 288495
5700 288380
5701 288364
5702 288008
5703 288000
5704 287697
5705 287610
5706 287593
5707 287555
5708 287488
5709 287238
5710 287184
5711 287152
5712 286858
5713 286740
5714 286520
5715 286496
5716 286387
5717 286366
5718 286355
5719 286262
5720 286196
5721 286182
5722 286181
5723 286065
5724 285960
5725 285715
5726 285624
5727 285528
5728 285449
5729 285098
5730 285016
5731 285015
5732 284352
5733 284183
5734 283950
5735 283940
5736 283694
5737 283636
5738 283626
5739 283552
5740 283478
5741 283450
5742 282905
5743 282857
5744 282825
5745 282813
5746 282604
5747 282469
5748 282355
5749 281985
5750 281957
5751 281925
5752 281843
5753 281828
5754 281773
5755 281742
5756 281396
5757 281201
5758 280730
5759 280560
5760 280455
5761 280067
5762 279961
5763 279897
5764 279888
5765 279825
5766 279733
5767 279675
5768 279648
5769 279573
5770 279529
5771 279320
5772 279234
5773 278854
5774 278835
5775 278786
5776 278756
5777 278737
5778 278696
5779 278685
5780 278426
5781 278375
5782 278302
5783 278094
5784 277853
5785 277786
5786 277755
5787 277694
5788 277690
5789 277596
5790 277178
5791 277174
5792 277147
5793 277145
5794 277027
5795 277003
5796 276971
5797 276722
5798 276713
5799 276686
5800 276678
5801 276456
5802 276370
5803 276311
5804 275812
5805 275812
5806 275682
5807 275634
5808 275624
5809 275176
5810 275052
5811 275016
5812 274881
5813 274877
5814 274688
5815 274446
5816 274154
5817 273997
5818 273688
5819 273643
5820 273597
5821 273505
5822 273478
5823 273348
5824 273335
5825 273196
5826 273139
5827 273136
5828 272692
5829 272492
5830 272435
5831 272408
5832 272312
5833 272035
5834 272011
5835 271931
5836 271814
5837 271755
5838 271674
5839 271595
5840 271437
5841 271403
5842 271275
5843 271204
5844 271104
5845 271037
5846 270552
5847 270514
5848 270456
5849 270441
5850 270243
5851 270188
5852 270093
5853 269796
5854 269786
5855 269728
5856 269676
5857 269541
5858 269251
5859 269210
5860 269150
5861 269147
5862 268945
5863 268934
5864 268793
5865 268694
5866 268649
5867 268552
5868 268525
5869 268504
5870 268496
5871 268429
5872 268190
5873 268120
5874 268026
5875 268020
5876 267934
5877 267932
5878 267595
5879 267544
5880 267288
5881 266982
5882 266853
5883 266662
5884 266654
5885 266620
5886 266606
5887 266566
5888 266564
5889 266533
5890 266240
5891 265885
5892 265326
5893 265318
5894 265250
5895 265008
5896 264889
5897 264876
5898 264759
5899 264677
5900 264676
5901 264662
5902 264297
5903 264297
5904 264201
5905 264199
5906 263786
5907 263751
5908 263439
5909 263374
5910 263277
5911 263247
5912 263152
5913 263067
5914 262890
5915 262604
5916 262516
5917 262349
5918 262293
5919 262106
5920 261998
5921 261981
5922 261818
5923 261523
5924 261223
5925 261196
5926 261151
5927 260998
5928 260973
5929 260855
5930 260775
5931 260772
5932 260682
5933 260666
5934 260586
5935 260091
5936 260078
5937 259820
5938 259719
5939 259703
5940 259694
5941 259592
5942 259446
5943 259186
5944 259036
5945 259014
5946 258905
5947 258815
5948 258749
5949 258725
5950 258466
5951 258437
5952 258407
5953 258249
5954 258168
5955 258124
5956 258022
5957 258018
5958 257839
5959 257662
5960 257208
5961 257190
5962 257188
5963 257178
5964 257110
5965 257055
5966 256898
5967 256870
5968 256668
5969 256364
5970 256257
5971 256190
5972 256019
5973 255824
5974 255649
5975 255647
5976 255474
5977 255314
5978 255255
5979 255095
5980 255024
5981 254882
5982 254747
5983 254511
5984 254380
5985 254337
5986 254204
5987 254148
5988 253884
5989 253879
5990 253842
5991 253810
5992 253809
5993 253755
5994 253727
5995 253650
5996 253549
5997 253486
5998 253417
5999 253334
6000 252999
6001 252891
6002 252877
6003 252867
6004 252636
6005 252599
6006 252507
6007 252438
6008 252284
6009 252123
6010 252095
6011 252077
6012 252027
6013 252009
6014 251746
6015 251667
6016 251512
6017 251498
6018 251404
6019 251244
6020 251240
6021 251223
6022 251165
6023 251010
6024 250952
6025 250819
6026 250658
6027 250461
6028 250390
6029 250355
6030 250161
6031 249923
6032 249911
6033 249761
6034 249662
6035 249651
6036 249636
6037 249589
6038 249553
6039 249354
6040 249216
6041 248998
6042 248898
6043 248767
6044 248741
6045 248719
6046 248623
6047 248424
6048 248358
6049 248305
6050 248241
6051 248223
6052 248115
6053 248068
6054 248011
6055 247531
6056 247318
6057 247079
6058 246893
6059 246860
6060 246804
6061 246748
6062 246693
6063 246512
6064 246230
6065 246095
6066 245739
6067 245701
6068 245668
6069 245562
6070 245262
6071 244980
6072 244847
6073 244757
6074 244377
6075 244291
6076 244042
6077 243989
6078 243837
6079 243805
6080 243537
6081 243356
6082 242968
6083 242795
6084 242646
6085 242274
6086 242242
6087 242196
6088 242165
6089 241857
6090 241790
6091 241588
6092 241477
6093 241460
6094 241421
6095 241230
6096 240881
6097 240827
6098 240748
6099 240643
6100 240499
6101 240490
6102 240334
6103 240173
6104 240156
6105 240132
6106 239794
6107 239369
6108 239365
6109 239168
6110 239055
6111 239038
6112 239032
6113 238918
6114 238696
6115 238641
6116 238357
6117 238156
6118 238123
6119 238054
6120 238052
6121 238008
6122 237594
6123 237531
6124 237472
6125 236939
6126 236912
6127 236839
6128 236833
6129 236747
6130 236526
6131 236439
6132 236252
6133 236055
6134 235952
6135 235867
6136 235809
6137 235785
6138 235612
6139 235464
6140 235384
6141 235245
6142 235219
6143 235146
6144 235076
6145 234873
6146 234867
6147 234862
6148 234695
6149 234657
6150 234519
6151 234511
6152 234507
6153 234240
6154 234132
6155 233994
6156 233881
6157 233853
6158 233843
6159 233459
6160 233347
6161 233110
6162 233083
6163 232886
6164 232814
6165 232592
6166 232100
6167 232024
6168 231774
6169 231671
6170 231386
6171 231260
6172 231227
6173 230997
6174 230931
6175 230845
6176 230763
6177 230615
6178 230535
6179 230380
6180 230325
6181 230262
6182 230016
6183 229735
6184 229501
6185 229478
6186 229420
6187 229244
6188 229066
6189 229040
6190 228913
6191 228898
6192 228863
6193 228832
6194 228829
6195 228820
6196 228785
6197 228671
6198 228573
6199 228572
6200 228449
6201 228375
6202 228341
6203 228305
6204 228136
6205 228124
6206 228073
6207 227647
6208 227523
6209 227512
6210 227503
6211 227499
6212 227287
6213 227189
6214 227083
6215 226826
6216 226770
6217 226663
6218 226610
6219 226551
6220 226423
6221 226388
6222 226346
6223 226229
6224 226228
6225 226167
6226 226148
6227 226136
6228 226136
6229 225997
6230 225846
6231 225814
6232 225787
6233 225733
6234 225709
6235 225581
6236 225474
6237 225469
6238 225179
6239 224964
6240 224763
6241 224665
6242 224662
6243 224609
6244 224570
6245 224526
6246 224381
6247 224320
6248 224226
6249 224041
6250 223974
6251 223933
6252 223929
6253 223768
6254 223703
6255 223547
6256 223470
6257 223441
6258 222929
6259 222761
6260 222523
6261 222512
6262 222476
6263 222044
6264 221977
6265 221840
6266 221676
6267 221346
6268 221134
6269 220975
6270 220662
6271 220261
6272 219960
6273 219898
6274 219889
6275 219652
6276 219555
6277 219392
6278 219358
6279 219273
6280 219259
6281 218740
6282 218627
6283 218602
6284 218593
6285 218507
6286 218380
6287 218192
6288 218142
6289 218069
6290 218033
6291 217811
6292 217717
6293 217256
6294 216955
6295 216846
6296 216690
6297 216603
6298 216367
6299 215984
6300 215676
6301 215604
6302 215490
6303 215315
6304 215286
6305 214702
6306 214582
6307 214581
6308 214504
6309 214470
6310 214380
6311 214209
6312 214191
6313 213984
6314 213601
6315 213584
6316 213509
6317 213386
6318 213374
6319 213156
6320 213155
6321 212977
6322 212870
6323 212768
6324 212626
6325 212539
6326 212517
6327 212351
6328 212043
6329 211988
6330 211983
6331 211933
6332 211844
6333 211838
6334 211827
6335 211732
6336 211716
6337 211688
6338 211531
6339 211054
6340 210983
6341 210847
6342 210747
6343 210673
6344 210498
6345 210433
6346 210414
6347 210344
6348 210143
6349 209747
6350 209633
6351 209506
6352 209323
6353 208531
6354 208513
6355 208509
6356 208447
6357 208333
6358 208328
6359 208287
6360 207897
6361 207731
6362 207534
6363 207238
6364 207142
6365 206984
6366 206968
6367 206840
6368 206730
6369 206565
6370 206505
6371 206415
6372 206240
6373 206141
6374 205785
6375 205672
6376 205431
6377 205279
6378 205043
6379 205038
6380 204725
6381 204520
6382 204474
6383 204082
6384 203843
6385 203442
6386 203424
6387 203345
6388 203203
6389 203079
6390 203015
6391 202848
6392 202704
6393 202357
6394 202275
6395 202046
6396 201929
6397 201809
6398 201616
6399 201560
6400 201554
6401 201540
6402 201539
6403 201524
6404 201491
6405 201296
6406 201284
6407 201070
6408 201025
6409 201006
6410 200991
6411 200897
6412 200783
6413 200737
6414 200442
6415 200170
6416 200070
6417 199855
6418 199738
6419 199122
6420 199101
6421 199065
6422 199048
6423 198945
6424 198906
6425 198813
6426 198605
6427 198353
6428 198317
6429 198154
6430 198127
6431 198065
6432 198043
6433 197947
6434 197852
6435 197814
6436 197690
6437 197655
6438 197428
6439 197423
6440 196269
6441 196190
6442 195917
6443 195661
6444 195568
6445 195460
6446 195132
6447 195054
6448 195004
6449 194902
6450 194887
6451 194794
6452 194495
6453 194397
6454 194391
6455 194243
6456 194132
6457 193506
6458 193353
6459 193231
6460 192932
6461 192910
6462 192823
6463 192747
6464 192737
6465 192567
6466 192486
6467 192455
6468 192338
6469 191882
6470 191758
6471 191581
6472 191493
6473 191131
6474 191088
6475 191015
6476 190985
6477 190959
6478 190941
6479 190889
6480 190647
6481 190574
6482 190239
6483 190127
6484 190031
6485 189989
6486 189973
6487 189969
6488 189808
6489 189787
6490 189676
6491 188992
6492 188789
6493 188740
6494 188693
6495 188606
6496 188516
6497 187869
6498 187791
6499 187784
6500 187416
6501 187356
6502 187281
6503 187005
6504 186994
6505 186976
6506 186907
6507 186754
6508 186494
6509 186437
6510 185813
6511 185642
6512 185560
6513 185506
6514 185237
6515 184999
6516 184931
6517 184753
6518 184747
6519 184591
6520 184485
6521 184328
6522 184247
6523 184059
6524 183620
6525 183423
6526 183352
6527 183006
6528 182906
6529 182759
6530 182703
6531 182673
6532 182671
6533 182445
6534 182354
6535 182180
6536 182092
6537 181894
6538 181806
6539 181483
6540 181390
6541 181222
6542 181180
6543 181103
6544 181014
6545 180875
6546 180845
6547 180572
6548 180483
6549 180474
6550 180471
6551 180356
6552 180340
6553 180295
6554 180049
6555 179609
6556 179564
6557 179415
6558 179397
6559 178802
6560 178787
6561 178499
6562 178458
6563 178408
6564 178342
6565 178306
6566 178178
6567 177859
6568 177649
6569 177609
6570 177577
6571 177504
6572 177336
6573 176984
6574 176864
6575 176761
6576 176760
6577 176736
6578 176703
6579 176552
6580 176522
6581 176468
6582 176451
6583 176302
6584 176098
6585 176059
6586 175863
6587 175750
6588 175743
6589 175737
6590 175486
6591 175421
6592 175403
6593 175194
6594 175025
6595 174942
6596 174890
6597 174884
6598 174765
6599 174644
6600 174594
6601 174417
6602 174247
6603 174222
6604 174204
6605 174094
6606 173969
6607 173802
6608 173771
6609 173641
6610 173636
6611 173596
6612 173444
6613 173353
6614 173148
6615 173093
6616 173035
6617 173020
6618 172975
6619 172967
6620 172916
6621 172784
6622 172229
6623 172156
6624 171901
6625 171871
6626 171863
6627 171830
6628 171753
6629 171684
6630 171671
6631 171460
6632 171443
6633 171055
6634 171055
6635 170728
6636 170617
6637 170427
6638 170332
6639 170186
6640 169730
6641 168959
6642 168904
6643 168759
6644 168742
6645 168708
6646 168619
6647 168582
6648 168544
6649 168355
6650 168046
6651 168039
6652 167756
6653 166967
6654 166922
6655 166917
6656 166900
6657 166666
6658 166625
6659 166417
6660 166158
6661 166138
6662 165713
6663 165454
6664 165351
6665 165306
6666 165094
6667 165029
6668 165011
6669 164692
6670 164688
6671 164593
6672 164558
6673 164264
6674 164220
6675 164128
6676 164086
6677 164041
6678 163916
6679 163363
6680 163226
6681 163223
6682 163130
6683 163101
6684 162841
6685 162834
6686 162808
6687 162334
6688 162259
6689 162170
6690 162082
6691 162021
6692 161999
6693 161945
6694 161856
6695 161839
6696 161784
6697 161315
6698 161274
6699 161119
6700 161095
6701 161070
6702 161008
6703 161006
6704 160749
6705 160741
6706 160734
6707 160678
6708 160587
6709 160539
6710 160409
6711 160392
6712 160379
6713 160309
6714 160170
6715 159966
6716 159943
6717 159835
6718 159782
6719 159668
6720 159621
6721 159565
6722 159302
6723 159002
6724 158940
6725 158892
6726 158839
6727 158827
6728 158711
6729 158430
6730 158373
6731 158302
6732 158246
6733 158120
6734 158116
6735 158084
6736 157764
6737 157664
6738 157472
6739 157456
6740 157452
6741 157416
6742 157386
6743 157285
6744 157285
6745 157089
6746 157000
6747 156880
6748 156786
6749 156597
6750 156405
6751 156401
6752 156300
6753 156242
6754 156177
6755 155728
6756 155575
6757 155450
6758 155350
6759 155295
6760 155221
6761 155094
6762 155055
6763 154678
6764 154644
6765 154576
6766 154480
6767 154464
6768 154358
6769 154189
6770 154087
6771 153808
6772 153702
6773 153676
6774 153665
6775 153664
6776 153537
6777 153517
6778 153365
6779 153286
6780 153110
6781 152712
6782 152656
6783 152629
6784 152431
6785 152297
6786 152293
6787 152256
6788 152110
6789 151850
6790 151646
6791 151337
6792 151310
6793 151089
6794 150904
6795 150805
6796 150671
6797 150669
6798 150664
6799 150561
6800 150445
6801 150361
6802 150161
6803 149860
6804 149831
6805 149795
6806 149754
6807 149607
6808 149561
6809 149163
6810 148920
6811 148782
6812 148750
6813 148667
6814 148612
6815 148137
6816 148092
6817 148051
6818 148034
6819 148032
6820 147894
6821 147814
6822 147717
6823 147595
6824 147518
6825 147308
6826 147143
6827 146581
6828 146365
6829 146254
6830 146061
6831 146038
6832 146035
6833 145838
6834 145444
6835 145424
6836 145312
6837 145300
6838 145144
6839 145073
6840 145040
6841 144572
6842 144568
6843 144568
6844 144550
6845 144501
6846 144485
6847 144438
6848 144390
6849 144201
6850 144192
6851 143970
6852 143704
6853 143392
6854 143065
6855 142873
6856 142863
6857 142824
6858 142564
6859 142496
6860 142447
6861 142377
6862 142287
6863 142262
6864 142242
6865 142049
6866 141806
6867 141704
6868 141682
6869 141589
6870 141511
6871 140753
6872 140751
6873 140464
6874 140400
6875 140363
6876 140333
6877 140302
6878 140251
6879 140072
6880 139936
6881 139917
6882 139755
6883 139577
6884 139480
6885 139388
6886 139089
6887 139016
6888 139012
6889 138807
6890 138794
6891 138753
6892 138669
6893 138623
6894 138529
6895 138476
6896 138417
6897 138255
6898 138189
6899 138090
6900 138051
6901 137928
6902 137702
6903 137660
6904 137429
6905 137362
6906 137080
6907 137051
6908 136804
6909 136710
6910 136616
6911 136597
6912 136563
6913 136165
6914 136013
6915 135932
6916 135798
6917 135746
6918 135723
6919 135425
6920 135133
6921 134632
6922 134527
6923 134476
6924 134416
6925 134243
6926 134240
6927 134201
6928 134050
6929 133906
6930 133829
6931 133782
6932 133773
6933 133744
6934 133735
6935 133628
6936 133290
6937 133280
6938 133197
6939 133176
6940 133146
6941 132996
6942 132953
6943 132872
6944 132838
6945 132779
6946 132763
6947 132691
6948 132666
6949 132634
6950 132627
6951 132590
6952 132425
6953 132023
6954 131958
6955 131954
6956 131940
6957 131931
6958 131842
6959 131773
6960 131626
6961 131581
6962 131575
6963 131372
6964 131370
6965 131355
6966 131339
6967 131291
6968 131140
6969 130815
6970 130803
6971 130652
6972 130365
6973 130249
6974 130164
6975 130028
6976 129707
6977 129550
6978 129478
6979 129371
6980 128633
6981 128535
6982 128426
6983 128110
6984 128091
6985 127603
6986 127542
6987 127540
6988 127473
6989 127173
6990 127100
6991 126776
6992 126639
6993 126593
6994 126417
6995 126291
6996 126260
6997 126137
6998 125995
6999 125894
7000 125776
7001 125774
7002 125751
7003 125642
7004 125631
7005 125219
7006 125143
7007 124959
7008 124875
7009 124744
7010 124695
7011 124556
7012 124379
7013 124284
7014 124258
7015 124081
7016 124037
7017 123985
7018 123799
7019 123705
7020 123600
7021 123563
7022 123441
7023 123285
7024 123158
7025 123093
7026 122821
7027 122467
7028 122384
7029 122355
7030 122249
7031 122243
7032 122120
7033 121928
7034 121910
7035 121788
7036 121689
7037 121640
7038 121498
7039 121358
7040 121157
7041 121130
7042 121121
7043 120866
7044 120604
7045 120525
7046 120484
7047 120181
7048 119970
7049 119913
7050 119598
7051 119505
7052 119279
7053 119244
7054 119235
7055 119101
7056 119055
7057 118975
7058 118797
7059 118661
7060 118407
7061 118200
7062 118186
7063 117821
7064 117767
7065 117293
7066 117288
7067 117252
7068 116665
7069 116602
7070 116523
7071 116393
7072 116224
7073 116172
7074 116146
7075 115924
7076 115826
7077 115765
7078 115622
7079 115461
7080 115432
7081 115118
7082 114944
7083 114929
7084 114711
7085 114571
7086 114526
7087 114460
7088 114396
7089 114292
7090 114127
7091 114031
7092 113731
7093 113561
7094 113548
7095 113455
7096 113398
7097 113395
7098 113384
7099 113142
7100 113130
7101 112921
7102 112847
7103 112629
7104 112532
7105 112411
7106 111986
7107 111776
7108 111631
7109 111362
7110 111214
7111 111164
7112 111017
7113 110790
7114 110392
7115 110241
7116 110241
7117 110238
7118 110186
7119 109973
7120 109922
7121 109857
7122 109852
7123 109701
7124 109700
7125 109554
7126 109522
7127 109342
7128 109327
7129 109319
7130 109316
7131 109033
7132 108793
7133 108597
7134 108540
7135 108363
7136 108309
7137 108269
7138 107963
7139 107719
7140 107718
7141 107637
7142 107619
7143 107519
7144 107376
7145 107248
7146 107189
7147 107174
7148 107128
7149 106915
7150 106632
7151 106330
7152 106306
7153 106114
7154 106086
7155 106079
7156 106005
7157 105805
7158 105777
7159 105386
7160 105310
7161 105181
7162 105143
7163 105137
7164 104855
7165 104843
7166 104784
7167 104760
7168 104670
7169 104662
7170 104508
7171 104455
7172 104333
7173 104241
7174 104236
7175 104150
7176 103878
7177 103596
7178 103515
7179 103432
7180 103145
7181 102974
7182 102833
7183 102768
7184 102661
7185 102460
7186 102366
7187 102174
7188 101984
7189 101904
7190 101106
7191 101050
7192 100984
7193 100978
7194 100968
7195 100921
7196 100847
7197 100582
7198 100461
7199 100396
7200 100258
7201 100093
7202 99884
7203 99865
7204 99551
7205 99264
7206 99143
7207 99121
7208 99103
7209 99098
7210 99007
7211 98961
7212 98942
7213 98933
7214 98813
7215 98770
7216 98722
7217 98699
7218 98684
7219 98679
7220 98658
7221 98652
7222 98579
7223 98352
7224 98176
7225 98060
7226 97742
7227 97460
7228 97440
7229 97372
7230 97361
7231 97320
7232 97016
7233 96973
7234 96830
7235 96659
7236 96657
7237 96628
7238 96048
7239 96011
7240 95970
7241 95796
7242 95715
7243 95624
7244 95474
7245 95440
7246 95409
7247 95363
7248 95338
7249 94965
7250 94883
7251 94746
7252 94372
7253 94368
7254 93995
7255 93937
7256 93866
7257 93861
7258 93683
7259 93601
7260 93483
7261 93304
7262 93282
7263 93137
7264 93136
7265 92821
7266 92646
7267 92621
7268 92588
7269 92380
7270 92286
7271 92252
7272 92238
7273 92061
7274 92012
7275 91780
7276 91764
7277 91726
7278 91701
7279 91663
7280 91564
7281 91542
7282 91458
7283 91087
7284 91074
7285 90908
7286 90895
7287 90876
7288 90842
7289 90657
7290 90542
7291 90488
7292 90468
7293 90416
7294 90413
7295 90384
7296 90355
7297 90335
7298 90198
7299 89683
7300 89632
7301 89508
7302 89447
7303 89220
7304 88909
7305 88812
7306 88691
7307 88553
7308 88408
7309 88399
7310 88145
7311 88127
7312 88086
7313 87878
7314 87826
7315 87637
7316 87301
7317 87252
7318 87076
7319 86665
7320 86387
7321 85845
7322 85724
7323 85557
7324 85350
7325 85326
7326 85248
7327 85109
7328 84896
7329 84767
7330 84699
7331 84550
7332 84472
7333 84422
7334 84266
7335 84185
7336 83912
7337 83848
7338 83763
7339 83732
7340 83490
7341 83454
7342 83370
7343 83284
7344 83103
7345 83073
7346 83057
7347 82903
7348 82865
7349 82808
7350 82588
7351 82223
7352 81987
7353 81912
7354 81797
7355 81708
7356 81649
7357 81564
7358 81412
7359 81405
7360 81398
7361 81220
7362 81178
7363 81170
7364 80983
7365 80750
7366 80670
7367 80653
7368 80561
7369 80358
7370 80068
7371 79956
7372 79852
7373 79850
7374 79826
7375 79640
7376 79601
7377 79490
7378 79277
7379 79241
7380 79188
7381 78980
7382 78916
7383 78892
7384 78835
7385 78820
7386 78798
7387 78620
7388 78417
7389 78115
7390 78036
7391 77841
7392 77799
7393 77768
7394 77724
7395 77572
7396 77546
7397 77473
7398 77182
7399 76933
7400 76856
7401 76418
7402 76401
7403 76356
7404 76137
7405 76062
7406 76054
7407 75828
7408 75784
7409 75737
7410 74895
7411 74752
7412 74580
7413 74470
7414 74262
7415 74228
7416 74149
7417 73823
7418 73489
7419 73474
7420 73161
7421 72740
7422 72693
7423 72675
7424 72604
7425 72506
7426 72309
7427 72294
7428 72254
7429 72181
7430 72031
7431 71810
7432 71796
7433 71722
7434 71720
7435 71698
7436 71616
7437 71167
7438 70963
7439 70858
7440 70857
7441 70670
7442 70546
7443 70174
7444 70027
7445 69902
7446 69897
7447 69890
7448 69667
7449 69218
7450 69216
7451 68898
7452 68869
7453 68399
7454 68253
7455 68196
7456 67943
7457 67687
7458 67596
7459 67279
7460 67107
7461 67026
7462 66990
7463 66941
7464 66900
7465 66827
7466 66732
7467 66710
7468 66689
7469 66558
7470 66485
7471 66419
7472 66377
7473 66342
7474 66116
7475 66017
7476 65838
7477 65838
7478 65576
7479 65554
7480 65356
7481 65322
7482 65152
7483 64970
7484 64765
7485 64670
7486 64664
7487 64592
7488 64495
7489 64420
7490 64285
7491 64059
7492 63929
7493 63925
7494 63875
7495 63822
7496 63535
7497 63409
7498 63354
7499 63317
7500 63286
7501 63152
7502 62955
7503 62860
7504 62792
7505 62705
7506 62644
7507 62640
7508 62563
7509 62306
7510 62228
7511 62162
7512 62082
7513 62022
7514 61817
7515 61804
7516 61780
7517 61686
7518 61474
7519 61453
7520 61391
7521 61213
7522 61197
7523 60895
7524 60877
7525 60811
7526 60347
7527 60226
7528 59866
7529 59701
7530 59680
7531 59647
7532 59644
7533 59566
7534 59557
7535 59507
7536 59276
7537 59234
7538 58459
7539 58067
7540 58054
7541 58001
7542 57934
7543 57932
7544 57712
7545 57656
7546 57625
7547 57477
7548 57414
7549 57214
7550 56937
7551 56921
7552 56896
7553 56771
7554 56646
7555 56135
7556 56099
7557 56045
7558 56030
7559 56012
7560 55971
7561 55956
7562 55884
7563 55597
7564 55571
7565 55444
7566 55289
7567 55234
7568 55226
7569 55184
7570 55168
7571 55124
7572 54965
7573 54887
7574 54628
7575 54531
7576 54367
7577 54355
7578 54313
7579 54003
7580 53741
7581 53694
7582 53655
7583 53445
7584 53365
7585 52821
7586 52594
7587 52366
7588 52294
7589 52136
7590 52032
7591 51611
7592 51581
7593 51432
7594 51082
7595 51055
7596 51036
7597 51033
7598 50595
7599 50522
7600 50475
7601 50218
7602 50114
7603 50015
7604 49710
7605 49372
7606 49276
7607 49064
7608 49058
7609 48777
7610 48614
7611 48572
7612 48569
7613 48484
7614 48398
7615 48253
7616 48156
7617 47866
7618 47820
7619 47608
7620 47591
7621 47537
7622 47224
7623 47183
7624 47163
7625 47118
7626 47102
7627 47017
7628 46945
7629 46916
7630 46718
7631 46664
7632 46595
7633 46536
7634 46462
7635 46343
7636 46323
7637 46233
7638 46103
7639 46014
7640 45922
7641 45691
7642 45250
7643 45139
7644 44863
7645 44832
7646 44803
7647 44736
7648 44206
7649 44117
7650 44008
7651 44001
7652 43938
7653 43787
7654 43660
7655 43552
7656 43521
7657 43272
7658 42976
7659 42877
7660 42789
7661 42389
7662 42309
7663 42302
7664 42242
7665 42188
7666 42088
7667 41915
7668 41899
7669 41738
7670 41545
7671 41406
7672 41388
7673 41377
7674 41377
7675 41245
7676 41177
7677 41169
7678 41078
7679 41019
7680 40922
7681 40802
7682 40587
7683 40547
7684 40508
7685 39789
7686 39736
7687 39693
7688 39678
7689 39660
7690 39607
7691 39371
7692 39275
7693 39210
7694 39193
7695 39050
7696 39047
7697 38975
7698 38907
7699 38861
7700 38753
7701 38692
7702 38536
7703 38531
7704 38143
7705 37976
7706 37944
7707 37805
7708 37738
7709 37375
7710 37164
7711 36971
7712 36955
7713 36792
7714 36463
7715 36263
7716 36259
7717 36042
7718 36034
7719 35860
7720 35477
7721 35422
7722 35385
7723 35334
7724 35330
7725 35059
7726 34927
7727 34858
7728 34742
7729 34723
7730 34563
7731 34452
7732 34274
7733 34264
7734 34255
7735 34225
7736 33962
7737 33786
7738 33742
7739 33704
7740 33630
7741 33068
7742 33004
7743 32945
7744 32752
7745 32366
7746 32114
7747 31733
7748 31645
7749 31540
7750 31540
7751 31385
7752 31057
7753 30928
7754 30923
7755 30923
7756 30879
7757 30736
7758 30617
7759 29989
7760 29780
7761 29767
7762 29729
7763 29404
7764 29376
7765 29184
7766 29106
7767 29002
7768 28995
7769 28903
7770 28816
7771 28805
7772 28801
7773 28794
7774 28731
7775 28389
7776 28236
7777 28137
7778 28100
7779 27808
7780 27758
7781 27693
7782 27642
7783 27617
7784 27599
7785 27374
7786 27343
7787 27056
7788 26936
7789 26911
7790 26882
7791 26870
7792 26778
7793 26485
7794 26389
7795 26344
7796 26185
7797 25951
7798 25935
7799 25766
7800 25519
7801 25375
7802 24993
7803 24935
7804 24740
7805 24681
7806 24607
7807 24250
7808 24156
7809 23893
7810 23873
7811 23522
7812 23428
7813 23197
7814 23192
7815 23186
7816 23156
7817 23050
7818 23034
7819 23008
7820 22755
7821 22496
7822 22322
7823 22316
7824 22312
7825 22155
7826 22099
7827 22066
7828 21883
7829 21823
7830 21786
7831 21762
7832 21696
7833 21686
7834 21646
7835 21614
7836 21448
7837 21168
7838 21111
7839 21007
7840 20867
7841 20784
7842 20748
7843 20729
7844 20713
7845 20427
7846 20408
7847 20402
7848 20367
7849 20179
7850 20025
7851 19149
7852 18974
7853 18932
7854 18842
7855 18754
7856 18753
7857 18654
7858 18452
7859 18283
7860 18274
7861 18037
7862 17967
7863 17876
7864 17774
7865 17639
7866 17569
7867 17306
7868 17282
7869 17045
7870 17042
7871 16871
7872 16805
7873 16617
7874 16448
7875 16354
7876 16337
7877 16270
7878 16161
7879 16141
7880 15917
7881 15832
7882 15805
7883 15744
7884 15699
7885 15563
7886 15048
7887 14843
7888 14768
7889 14567
7890 14534
7891 14517
7892 14511
7893 14394
7894 14228
7895 14097
7896 14054
7897 13981
7898 13936
7899 13865
7900 13660
7901 13602
7902 13481
7903 13346
7904 13220
7905 13211
7906 13114
7907 12888
7908 12663
7909 12651
7910 12578
7911 12492
7912 12443
7913 12352
7914 11751
7915 11451
7916 11413
7917 11359
7918 11272
7919 11226
7920 10919
7921 10666
7922 10590
7923 10575
7924 10506
7925 10385
7926 10255
7927 10250
7928 9960
7929 9764
7930 9676
7931 9608
7932 9144
7933 8981
7934 8936
7935 8818
7936 8796
7937 8786
7938 8651
7939 8636
7940 8570
7941 8556
7942 8169
7943 8091
7944 7910
7945 7838
7946 7838
7947 7578
7948 6806
7949 6727
7950 6713
7951 6697
7952 6640
7953 6563
7954 6436
7955 6212
7956 6118
7957 6007
7958 5895
7959 5855
7960 5852
7961 5422
7962 5092
7963 4828
7964 4813
7965 4782
7966 4271
7967 4049
7968 3776
7969 3643
7970 3463
7971 3416
7972 3269
7973 3185
7974 3181
7975 3180
7976 3028
7977 3004
7978 2922
7979 2715
7980 2609
7981 2473
7982 2296
7983 2160
7984 1670
7985 1658
7986 1608
7987 1421
7988 1419
7989 1378
7990 1326
7991 1221
7992 907
7993 901
7994 747
7995 652
7996 575
7997 533
7998 385
7999 334
