d
30
870
26 6 79
25 18 0
27 10 47
8 7 42
18 3 45
3 24 16
0 3 87
15 26 12
15 14 1
8 6 43
13 11 12
22 13 21
20 19 -32
9 23 -88
11 4 -49
18 17 11
21 26 99
21 8 75
9 11 28
10 12 80
8 2 93
14 23 -100
27 8 100
6 14 -68
13 3 -78
1 23 56
4 19 -2
0 20 -75
14 10 -32
22 29 -45
15 2 1
13 12 -20
8 1 69
3 6 0
13 21 -38
0 12 -37
22 21 1
18 23 98
1 8 -81
0 10 -91
13 10 -17
23 18 29
24 26 -25
7 25 -14
24 23 -32
24 12 -58
29 28 -27
4 20 44
26 1 20
5 26 80
21 1 -21
7 21 24
16 28 -50
15 7 -46
29 8 -55
25 17 85
9 2 -55
25 5 -96
29 10 -67
12 3 -77
27 23 -55
13 1 -75
19 22 59
26 4 33
25 16 95
21 5 84
6 13 34
15 16 81
7 15 84
5 4 11
4 15 78
3 18 28
28 29 -67
12 21 -65
3 16 -62
14 0 -54
12 28 -55
20 26 -37
20 23 -56
3 15 60
23 3 -67
18 22 17
25 22 -50
13 27 -13
2 15 66
0 23 60
26 3 -16
26 22 -80
24 2 -34
18 5 1
18 26 35
23 27 48
29 15 18
25 26 -73
22 2 10
25 7 -38
14 27 -100
21 15 88
17 11 -78
6 26 -49
26 9 -58
29 9 -99
18 20 -42
25 23 -32
14 8 71
2 20 13
14 29 86
0 16 -39
18 16 -87
17 14 -67
8 13 37
4 0 -42
21 11 -19
21 22 -2
11 5 95
25 15 25
7 2 23
14 19 -61
21 9 62
7 29 -95
0 14 25
3 23 89
6 17 -2
25 2 -45
22 3 90
10 29 -4
15 18 9
17 18 26
24 4 -70
8 16 67
11 3 -2
20 21 25
0 29 39
27 22 -83
14 24 -25
10 13 28
19 5 51
5 2 74
26 24 48
23 0 -29
0 5 77
1 26 75
23 5 2
6 25 17
9 17 27
17 20 43
10 3 -10
14 21 79
1 11 -19
10 23 98
27 1 -2
17 16 -11
3 20 81
13 7 -74
27 15 -12
5 0 -48
26 8 36
6 29 -92
10 18 49
20 6 -98
26 5 -77
15 13 41
4 18 -13
22 17 69
7 0 -48
14 17 -87
17 0 -27
1 22 99
29 17 46
1 0 38
14 25 -26
11 15 -24
28 7 -100
29 21 -96
18 10 -30
26 20 -32
1 17 76
24 18 -44
13 0 23
11 9 -55
1 28 91
5 21 -17
19 23 87
8 5 -45
3 12 92
8 17 59
3 11 -33
22 4 8
27 18 -35
1 7 -95
23 28 -13
24 0 42
22 11 52
17 8 49
26 17 -22
21 0 -30
14 12 34
29 3 -84
12 0 52
25 1 -82
0 28 96
18 21 28
24 1 49
4 3 25
5 23 -22
21 27 -68
24 28 83
28 11 85
7 22 68
13 16 95
15 8 100
16 9 65
17 10 -98
21 10 -84
13 14 100
9 24 -65
14 6 15
17 1 4
20 16 11
29 23 47
4 6 79
17 4 -8
25 3 -97
23 19 -63
11 12 21
28 15 -94
4 13 -98
2 24 41
14 4 -21
20 22 -19
28 4 63
6 7 56
21 23 83
11 27 -56
11 2 -72
29 1 42
11 20 67
16 0 -47
14 1 -5
12 2 -75
20 3 -38
1 13 86
18 24 -20
4 9 -7
17 13 44
12 13 -7
16 14 46
20 7 84
0 2 85
18 11 -59
22 15 48
16 6 -20
3 5 -7
4 29 -40
17 3 -93
24 13 23
20 25 -86
1 18 70
16 2 -65
16 11 -95
15 29 28
5 12 -49
19 18 48
5 28 84
8 18 57
16 20 -23
6 23 11
26 13 13
29 5 75
1 19 82
7 8 -23
19 20 -2
16 8 -45
9 28 -93
20 11 68
17 28 30
1 12 -16
15 27 -42
12 22 99
29 25 28
26 27 0
29 2 -34
7 14 33
18 2 43
9 16 16
21 24 92
2 11 -14
27 3 -4
2 1 -88
6 11 17
20 0 -80
17 9 99
22 1 96
4 17 68
10 15 28
18 6 -41
0 17 -92
2 3 91
15 5 70
19 25 68
4 5 72
6 16 -66
21 2 53
4 23 -10
15 28 -62
19 14 -76
6 22 8
15 20 -35
25 19 -46
26 15 -92
28 13 63
15 23 12
8 28 -47
27 16 53
6 19 -21
22 19 -97
19 0 78
12 18 -37
5 11 -99
7 18 5
15 9 38
29 0 50
2 4 -22
28 25 5
16 24 91
2 21 -54
22 26 59
11 8 94
5 7 79
23 12 65
28 1 -65
23 2 -12
10 6 16
24 17 -71
18 19 -28
5 14 -74
18 0 -35
29 24 -31
3 21 -6
12 23 2
12 16 -90
21 16 77
3 26 -80
19 2 79
4 1 -55
22 8 -33
12 20 -42
29 18 22
5 1 -17
1 6 97
2 6 94
15 19 9
27 12 90
27 29 -76
24 14 -1
3 0 -32
7 20 42
21 6 -71
24 25 -37
6 4 34
23 9 47
0 8 -61
9 18 -40
4 24 -58
15 17 -10
13 6 -70
20 4 0
7 3 -13
20 17 -12
12 19 -64
10 0 -11
6 24 22
26 14 -4
4 26 51
25 29 58
7 5 9
21 17 -89
25 13 37
25 9 68
17 22 43
9 0 -24
24 9 23
26 16 -48
9 12 89
14 20 76
1 27 74
13 26 -7
28 8 13
25 20 47
25 10 31
12 6 60
7 13 -28
12 1 -91
14 16 -63
10 16 -87
24 5 14
1 9 -22
26 23 -20
2 29 -72
17 5 39
23 8 26
25 4 -55
9 22 18
6 2 84
9 21 30
6 18 -30
0 25 7
12 14 55
11 28 -63
29 12 -16
19 11 -91
27 24 -32
21 20 22
11 24 20
20 14 3
10 21 32
23 15 -90
7 12 -88
4 16 -78
6 12 44
23 25 -9
13 23 -68
23 29 49
2 18 34
11 26 52
13 24 39
13 20 100
28 14 -28
0 18 -91
27 11 53
15 0 -48
25 28 89
9 13 -55
6 27 26
19 1 5
7 26 51
27 0 60
8 10 -24
5 8 -85
18 4 -28
19 29 -92
8 20 19
13 5 -55
28 19 100
24 29 1
11 0 4
23 22 42
3 25 36
10 9 -100
26 28 96
28 3 49
17 15 -100
20 8 33
28 6 55
3 17 82
0 11 -22
2 22 -67
24 3 -97
28 24 -21
18 28 -21
19 28 61
2 27 -46
22 10 64
16 12 94
1 14 -22
10 19 76
4 2 -98
0 24 4
20 29 7
6 5 -12
17 21 11
12 8 -6
9 8 39
17 6 -57
23 7 -33
18 12 66
26 19 -10
6 20 -71
16 23 -66
8 4 -38
28 18 23
25 8 -69
25 11 -15
16 17 -92
24 8 -91
12 5 78
9 19 6
18 14 95
27 5 -66
24 6 -40
20 9 14
12 10 -35
11 16 62
22 28 -21
4 22 99
14 13 -6
15 21 -6
26 7 54
17 24 87
19 10 -34
23 24 -20
23 26 70
27 13 15
5 27 -30
10 7 24
0 7 29
23 11 92
6 15 -87
26 0 -44
23 21 67
0 1 87
3 19 60
9 14 57
11 13 6
27 20 -73
13 28 -68
27 2 25
12 17 -11
12 7 47
18 27 -27
2 17 -68
22 9 52
15 3 4
24 21 -13
23 1 100
24 20 74
12 11 92
25 12 98
13 18 67
4 14 26
19 9 -10
10 22 75
3 22 -17
26 2 -4
5 16 -28
23 4 -5
4 28 -25
22 12 -6
8 29 98
5 24 -56
6 10 -46
16 27 6
29 11 -92
6 1 21
10 5 -3
22 16 -42
28 2 63
17 26 51
0 22 37
4 7 96
29 27 -45
28 20 98
22 18 18
14 5 54
21 3 -18
7 6 -28
10 14 72
28 5 -91
20 13 33
9 6 -73
24 11 36
5 18 43
29 19 -64
19 6 0
5 10 30
21 12 -60
15 22 -82
6 9 29
2 13 81
8 9 1
16 29 -6
11 1 -85
13 9 -60
18 15 59
12 24 -37
2 16 -5
2 0 -100
18 25 10
11 10 51
21 25 -65
16 3 90
24 16 10
10 1 -12
14 9 -80
12 26 30
25 21 -24
29 16 49
25 0 76
3 10 45
26 10 -39
14 7 31
2 10 58
5 6 58
15 1 -10
24 7 -60
29 22 25
0 21 -20
2 14 23
2 8 68
20 2 19
19 13 26
27 14 25
24 10 30
14 28 -31
27 6 76
26 29 -55
3 13 11
5 29 85
22 7 -44
5 17 92
3 28 -59
14 22 -49
19 12 -80
20 27 94
28 27 68
16 19 -84
5 3 -9
2 7 -26
27 25 -33
12 29 90
14 11 -90
10 2 36
27 17 -39
27 26 -92
27 21 94
1 15 3
29 7 -4
18 13 91
11 25 -11
6 3 -44
4 10 -91
10 24 -46
7 27 -100
2 12 19
21 4 43
21 18 -49
2 23 -88
3 8 28
22 24 -31
19 7 54
27 7 -81
22 5 46
23 10 37
13 15 -63
21 28 19
26 12 -74
24 15 25
16 21 -56
19 17 -15
12 9 -15
3 4 92
19 4 79
2 28 -29
16 25 -7
1 21 -38
25 14 -44
28 16 58
29 26 -9
8 26 55
22 0 35
23 16 82
12 27 35
1 5 83
14 2 -47
4 11 18
1 16 -50
7 1 -11
17 2 -17
9 29 86
18 29 -70
8 12 -43
25 6 -72
9 4 97
19 21 68
7 10 -3
16 18 -32
8 14 97
10 27 -14
3 14 20
16 4 -26
8 27 -7
15 11 -43
8 11 82
1 20 -20
27 9 10
20 18 -56
17 7 66
8 24 99
23 17 -79
9 26 -33
15 24 88
10 26 -22
0 9 -67
22 27 32
5 25 -64
1 3 72
8 23 -48
2 5 36
24 27 64
6 0 46
8 0 -75
29 20 36
28 10 69
7 24 16
6 21 31
19 26 -89
11 6 68
15 4 97
0 6 -17
13 19 -6
9 7 18
1 25 54
26 21 21
21 13 30
28 9 -63
7 28 -49
9 5 85
28 22 38
20 5 20
6 8 34
20 15 99
21 19 -20
15 25 -88
4 21 78
13 29 83
14 26 55
27 19 -80
8 19 85
5 22 95
0 27 44
10 11 -46
3 1 -5
10 8 -99
3 7 -32
16 26 48
14 18 -34
20 12 -29
11 22 -16
19 24 -38
21 29 46
7 9 -47
14 15 83
28 23 45
14 3 76
22 6 81
0 4 -65
17 23 -5
8 3 62
4 8 44
12 25 -32
11 29 -85
11 19 -3
10 17 75
19 15 37
1 4 -95
23 20 -94
9 20 -68
7 23 -36
17 25 -62
4 12 -23
8 22 75
10 25 69
2 26 -91
5 9 20
17 27 -90
16 5 -91
15 10 3
23 6 -10
16 13 9
5 20 29
11 21 30
5 13 62
7 17 -59
6 28 -77
3 9 86
16 15 -81
28 12 72
11 18 -30
23 14 6
0 13 -21
2 25 -9
11 7 -71
28 26 64
16 1 40
3 2 8
19 3 -67
15 6 17
10 28 60
9 1 92
11 17 -15
0 19 82
19 16 57
28 21 59
24 22 -53
13 2 -4
22 25 -78
11 14 -60
20 24 -61
18 9 -25
20 1 24
16 7 -93
9 3 72
28 17 48
17 12 66
27 28 -15
7 11 47
8 15 35
16 10 53
4 25 10
9 25 -14
29 6 88
1 29 39
0 15 -94
22 14 71
19 27 90
27 4 92
18 1 23
13 25 79
8 25 27
20 10 100
13 22 -74
17 29 91
2 19 70
26 11 51
11 23 -52
25 27 -42
23 13 23
10 20 87
28 0 -73
0 26 -29
8 21 -82
29 13 -68
21 7 57
1 10 -49
18 7 37
22 23 -60
5 15 73
3 27 69
1 2 52
15 12 51
4 27 -20
10 4 -79
21 14 38
3 29 -74
1 24 -54
9 15 25
25 24 -65
22 20 23
13 8 -77
7 19 92
13 17 6
13 4 56
16 22 -50
19 8 56
29 4 43
7 16 93
24 19 -44
12 15 78
5 19 -13
2 9 -93
7 4 95
20 28 77
26 18 -56
9 10 -75
26 25 -60
17 19 -91
9 27 23
18 8 -48
29 14 -30
12 4 65
0