d
500
3000
463 291 9
248 400 -53
311 410 -57
271 94 66
264 399 54
309 204 -58
262 152 57
2 201 -88
128 9 -19
32 386 -73
375 173 -30
221 150 -90
348 436 86
157 10 -49
487 474 -59
433 85 -90
92 18 -14
391 398 46
70 111 2
150 441 -52
199 463 -40
221 345 28
45 235 -40
114 423 3
221 350 -43
270 397 72
274 248 -23
89 485 -40
282 194 -82
470 443 -30
127 94 -54
445 199 89
248 266 32
443 128 93
142 468 78
363 82 -90
351 456 19
113 335 -54
214 496 -33
13 90 53
299 42 69
417 68 65
178 292 -55
310 199 -48
372 52 14
44 35 -56
208 322 -90
383 80 -86
293 7 22
160 471 10
476 477 -92
219 316 -45
39 423 23
232 187 -69
254 448 55
334 337 -64
412 451 86
310 470 -21
376 319 23
419 477 63
213 472 -4
469 84 89
199 328 -68
438 460 9
55 387 97
359 344 -61
183 201 40
352 159 92
141 182 40
378 121 -73
163 236 -28
407 344 35
327 382 -76
377 340 83
133 247 -14
180 70 67
167 79 51
74 81 -43
333 232 19
216 301 44
191 217 -80
487 175 62
267 205 86
29 184 81
432 401 -30
290 104 -62
100 406 92
234 226 80
188 398 60
222 45 -32
346 131 -100
169 190 -10
157 402 -9
18 448 -30
295 293 -50
370 180 -66
325 483 55
202 187 19
468 179 39
55 339 52
414 409 28
219 116 -45
410 194 -44
452 168 -81
424 98 87
127 45 -91
18 245 46
348 329 -9
118 255 -93
263 397 -63
389 406 30
434 120 -13
73 22 36
276 445 -25
492 420 -79
285 291 -66
466 283 -57
408 126 28
208 264 25
198 263 70
72 97 -2
127 450 -5
242 31 -89
262 240 -14
410 140 -56
301 359 31
318 414 -53
81 311 -41
63 125 94
413 1 97
200 135 -26
400 184 -32
55 332 -52
309 94 96
329 121 32
411 1 -97
153 419 61
131 26 69
35 79 -84
342 73 -21
214 349 54
67 119 49
135 371 6
19 492 -88
50 192 -48
442 190 -90
460 82 94
270 234 37
385 329 45
238 326 -41
353 278 44
341 224 -51
122 326 35
142 62 34
35 272 24
21 10 9
335 302 -71
403 46 45
24 404 -50
499 270 33
436 400 -28
381 24 -81
74 165 27
30 80 28
18 199 -51
220 69 16
347 332 59
205 435 -7
344 134 41
209 408 -81
73 429 -1
494 66 72
331 432 -90
277 28 36
143 477 79
312 455 22
269 116 91
470 218 73
336 219 -72
85 272 44
311 118 -86
355 463 -54
108 186 -24
340 27 46
449 255 36
119 58 -39
385 483 -54
498 126 33
17 467 6
374 15 -9
370 222 -57
344 148 18
85 300 -32
407 360 4
90 288 34
30 352 19
369 408 47
245 433 25
435 239 49
361 11 5
282 98 63
470 455 69
381 353 71
313 12 10
461 23 -93
272 419 61
9 19 42
359 247 -64
23 146 -42
197 385 55
140 83 -76
247 240 49
481 31 -16
23 222 0
206 203 6
27 393 9
62 103 66
206 146 -45
299 480 4
341 466 -72
153 397 35
161 431 81
246 493 60
81 109 20
35 64 -96
143 379 -1
342 407 60
60 184 -46
462 213 -33
10 455 -44
315 169 59
10 133 87
101 42 61
315 121 51
0 91 -6
404 6 -11
328 414 4
16 246 -64
16 177 -21
152 489 -79
253 432 -68
227 62 -99
52 436 -68
247 271 75
158 337 13
415 487 93
124 107 -78
129 415 5
114 398 58
327 457 -61
294 490 -82
128 161 -92
92 51 -3
368 169 92
74 449 -55
306 315 -28
472 303 10
11 168 85
207 24 64
105 403 83
168 454 -45
140 80 1
465 402 -68
15 6 50
340 466 -45
41 372 49
200 15 20
260 140 12
498 197 70
203 426 59
459 228 92
169 459 37
113 361 98
40 361 -19
232 249 -17
219 240 75
295 185 29
195 51 -1
298 232 28
395 142 53
471 350 -75
483 185 74
69 59 -28
311 26 7
419 319 -2
411 305 -3
170 86 41
69 369 -17
371 183 11
371 228 -74
289 188 -80
32 99 79
181 441 42
354 85 90
50 160 26
368 179 80
218 400 95
236 146 -84
285 334 17
339 479 32
5 468 -61
88 39 -51
140 54 10
491 206 87
263 172 83
294 334 -99
234 309 -8
347 454 15
431 164 -67
267 125 -42
50 129 70
68 434 60
43 61 42
392 182 -98
142 0 -74
464 142 -17
415 446 14
339 383 -53
282 327 22
332 143 -57
404 344 77
205 74 46
474 43 -70
336 134 18
459 279 -99
42 155 59
352 142 3
488 298 46
298 356 60
58 322 -41
117 217 12
86 460 73
226 157 64
278 482 -26
403 236 -7
159 343 -24
34 475 -4
327 132 -41
275 303 38
6 292 -35
366 208 -1
123 476 91
148 420 17
341 41 -23
236 277 -17
52 31 -53
370 102 34
106 222 99
359 444 -37
137 274 -8
97 427 -1
159 155 -78
221 355 -66
64 298 34
460 190 25
217 69 71
120 499 -87
100 332 -60
379 8 88
423 454 -59
62 473 -78
231 254 -85
466 476 -12
61 415 50
122 436 69
311 417 20
399 433 64
337 398 -31
112 434 27
248 363 96
195 87 62
372 6 92
386 227 -20
445 215 -68
345 281 44
299 451 -7
368 408 0
333 168 -25
14 256 36
155 285 58
430 248 27
391 178 -75
493 143 -51
7 260 -19
496 217 -3
89 84 -5
443 308 90
318 449 -93
371 31 -92
236 485 54
57 175 46
484 288 50
146 111 -30
95 71 1
149 284 67
403 40 -6
118 172 -99
355 375 -98
200 397 5
345 117 -99
314 263 11
379 276 67
256 437 -42
50 151 60
206 285 12
157 364 81
154 14 -67
166 202 81
36 481 21
479 63 63
97 35 10
271 110 74
50 256 -95
180 160 99
328 103 -9
77 146 -85
313 60 61
434 332 -42
451 471 28
333 456 7
61 36 -11
342 161 31
288 190 -16
381 346 11
416 236 -55
315 145 48
269 77 -84
306 433 -28
136 47 90
423 355 -25
477 486 -68
126 153 38
236 442 -74
155 1 65
444 186 83
7 497 68
151 370 25
69 135 -12
320 302 94
390 120 75
437 111 89
165 297 56
353 67 7
2 438 -30
77 289 80
398 57 -15
295 9 14
109 475 30
65 241 49
7 289 -46
35 254 49
243 177 -89
346 261 73
271 349 56
309 237 98
439 344 -43
190 174 -90
154 170 -80
423 361 -11
372 209 -31
189 373 -78
379 493 -23
213 355 -90
118 29 94
180 495 -54
164 445 -31
432 21 -60
174 463 -26
339 391 -32
314 27 -5
45 206 -41
286 320 -24
107 18 94
88 310 13
241 284 -40
272 247 -15
429 376 -22
131 54 -86
3 41 -44
220 113 42
370 378 -73
447 248 19
159 107 -11
381 313 34
3 388 -18
164 55 88
20 494 71
71 399 98
177 235 45
178 294 92
243 288 99
298 349 -99
252 351 58
336 365 41
245 389 -84
282 375 -81
357 73 -63
442 301 -89
303 123 79
443 326 1
244 376 5
226 80 -89
375 306 98
254 420 -85
328 329 -35
11 165 97
438 408 -93
343 42 -7
0 494 -73
52 105 62
270 385 -33
58 183 -69
236 331 10
177 421 -98
141 472 70
26 266 85
488 254 51
176 216 8
148 43 -56
42 138 16
343 132 -85
129 44 12
27 138 -94
217 213 -34
364 60 -14
122 45 -66
1 278 -53
132 175 99
116 91 -39
84 91 67
357 102 -11
355 264 -52
267 235 -93
52 67 29
165 356 88
256 367 3
290 345 -9
323 318 -99
78 467 14
402 253 -1
191 368 -20
351 309 -68
149 137 -57
120 196 0
165 246 100
315 437 -36
401 197 -40
285 427 7
389 89 84
477 356 87
176 131 -1
253 295 -97
234 171 31
128 99 56
236 258 -84
154 276 81
12 433 75
442 325 -60
353 483 -90
455 281 -99
265 326 -40
59 43 -31
247 440 92
454 333 -70
220 117 51
59 15 15
445 1 81
244 455 58
39 130 99
444 113 -26
467 184 53
365 470 -25
319 126 87
336 171 -34
74 445 -35
173 383 -99
186 54 -66
296 247 20
127 398 -83
313 451 -60
128 281 34
154 319 33
360 491 91
433 125 -85
129 177 3
94 90 45
79 24 -65
45 438 -85
348 124 57
343 191 13
210 372 63
80 132 84
99 56 71
352 115 54
255 338 88
460 424 59
8 142 41
87 289 -19
214 262 -48
257 41 -39
41 301 73
461 370 -93
24 231 -18
69 288 87
252 22 -39
57 388 25
492 341 0
442 152 -40
383 196 -78
466 250 -82
196 138 1
329 300 13
294 397 -76
60 42 -52
212 217 -22
213 59 -95
86 187 82
364 440 89
272 452 53
122 344 -44
430 278 -45
256 46 -13
425 152 24
495 244 15
187 310 32
92 481 49
461 26 -60
307 200 -53
211 303 28
293 163 -31
304 216 57
178 264 -90
40 251 76
111 398 -96
18 320 93
216 461 65
101 388 -86
124 476 36
290 333 -61
183 210 -82
18 83 -38
496 357 98
312 38 98
468 421 -45
39 101 -96
455 82 -76
311 168 68
454 39 30
174 183 0
446 162 67
414 480 -76
338 44 -48
261 419 -92
200 205 -72
33 498 45
463 365 -54
102 317 35
250 270 33
186 60 -32
236 394 2
394 335 11
188 70 7
292 287 54
360 125 90
76 445 -68
68 368 -38
287 378 82
95 486 -26
64 42 -55
447 95 -48
259 130 -48
234 252 93
55 428 -45
13 312 -59
458 483 98
214 33 -28
216 395 -53
242 254 -31
295 182 28
15 453 82
340 385 -7
284 377 57
45 471 -71
277 288 20
48 73 97
433 115 28
208 256 -93
331 186 80
144 355 81
291 334 -65
320 329 57
26 454 53
340 488 -48
356 420 18
487 429 3
341 210 73
407 100 -61
238 484 -89
412 287 -93
302 165 19
136 199 -69
311 50 80
400 252 -29
301 230 34
359 464 -41
343 17 26
367 102 68
204 467 91
378 336 85
165 175 -65
238 103 16
458 374 -23
328 473 27
4 413 -68
188 276 28
340 348 23
79 413 73
118 464 -59
376 438 37
388 361 100
486 373 -35
493 395 -79
251 247 -6
135 225 81
325 36 -70
52 264 23
133 355 -60
290 312 -27
248 159 47
352 177 82
380 175 65
215 27 -25
294 363 25
124 161 83
354 214 54
481 183 -67
284 233 54
216 273 97
194 362 -25
277 448 31
408 451 90
103 189 -16
392 121 -72
398 374 44
196 37 85
109 314 91
383 192 -50
301 464 61
47 340 -95
408 84 33
91 235 47
179 58 -19
322 54 35
241 275 56
231 446 30
358 98 -67
469 161 -10
395 437 62
494 98 -12
413 121 -48
185 179 -45
451 152 -43
207 78 -89
208 304 -12
124 196 -70
3 452 30
445 157 26
459 62 8
83 28 93
241 149 19
492 66 -54
60 229 -52
26 323 -7
359 317 -89
464 441 -8
340 95 9
368 438 -98
486 131 -21
2 286 71
387 99 -41
170 204 -38
411 124 -5
463 461 -61
253 162 -25
476 443 42
438 119 -45
198 322 19
293 351 79
479 177 89
257 240 25
0 448 -67
425 302 12
359 390 1
297 455 0
338 45 55
348 390 13
242 357 -50
301 368 -30
329 491 -37
489 158 -46
209 3 -93
242 339 -14
366 326 99
146 322 36
208 148 52
489 11 -1
143 154 29
246 376 -28
457 140 17
220 480 -6
97 390 -19
466 297 88
204 184 40
61 318 -17
448 341 84
333 117 86
73 493 56
492 391 -70
465 17 6
118 498 76
394 312 -69
232 362 12
197 5 -9
131 189 90
37 319 32
298 495 -47
440 102 -88
60 108 -41
15 52 -15
73 180 68
398 197 45
221 119 -58
148 56 53
387 247 -51
458 77 -95
488 10 88
315 65 -62
249 265 81
346 50 97
80 463 14
286 51 -97
301 24 -95
478 393 -26
350 82 -12
187 115 83
379 331 -6
0 206 -16
79 221 -54
70 362 -98
6 305 79
349 88 17
499 356 55
81 136 -40
365 180 34
436 216 -57
208 40 1
109 255 -19
479 421 -34
182 482 -20
429 342 92
165 298 -8
193 223 -5
124 491 -19
235 349 56
162 125 -74
299 87 53
402 356 18
22 366 -4
338 497 63
460 32 -4
126 394 69
341 394 -5
359 155 72
90 202 -65
242 435 0
476 45 98
195 63 10
352 209 73
248 251 -60
192 363 -81
403 306 3
316 99 53
259 238 99
224 296 26
277 492 -85
462 74 -92
88 245 -24
139 394 6
263 198 -94
429 115 -7
185 234 81
424 378 93
62 401 -11
399 35 -74
453 495 79
359 34 62
192 384 83
344 416 55
461 299 -6
162 271 75
255 459 -17
424 13 -63
36 288 76
366 432 -30
494 269 -50
149 178 40
69 80 45
380 491 19
126 443 -98
156 179 -66
289 115 -34
317 255 76
483 34 -2
52 210 92
109 256 -54
195 236 93
1 356 -17
36 270 77
335 396 79
38 65 -57
144 353 72
246 163 12
487 169 -95
169 115 55
171 319 34
150 147 -63
104 419 -25
164 453 -62
124 176 77
162 246 29
167 219 -98
420 199 -66
61 449 -15
383 58 -70
89 491 -49
107 413 -44
36 256 75
192 304 11
79 451 55
486 366 67
198 92 -81
98 100 -32
349 92 -89
391 35 51
427 268 -63
19 451 5
220 11 87
118 421 -4
326 337 80
61 350 21
303 109 -56
346 175 -95
441 197 14
188 232 86
354 7 -26
349 168 95
371 197 16
239 387 72
126 257 -20
409 269 -93
131 326 48
71 9 -55
381 3 -13
404 339 -1
276 195 36
239 21 -50
125 238 30
408 411 -66
209 220 24
291 319 20
195 317 -54
309 189 26
203 439 -84
127 51 -55
492 496 -37
98 78 -80
5 158 64
428 259 -94
440 477 76
107 91 40
286 266 -39
353 79 28
223 83 -36
396 206 62
295 70 -62
456 155 62
97 16 2
137 209 59
89 349 -13
266 21 54
379 191 27
188 450 -53
365 384 -66
407 144 -89
474 323 -42
365 322 -26
443 234 27
107 156 63
462 147 -90
213 431 -21
30 233 43
324 120 -44
197 391 77
295 238 -32
85 79 -37
204 405 7
13 108 54
342 478 75
93 494 -69
418 416 40
367 177 -63
357 419 61
297 423 92
151 262 -99
390 146 -31
28 420 57
78 462 27
105 343 -50
332 385 46
386 395 9
291 296 49
142 130 68
459 358 97
460 407 33
490 75 97
173 491 39
474 25 -82
224 10 -61
125 336 92
80 291 -62
303 486 49
470 45 66
34 452 71
48 411 67
9 292 39
161 193 -100
39 103 30
360 247 -12
144 249 49
17 294 -56
269 34 23
243 109 77
293 370 -42
401 109 88
394 219 90
388 215 -42
461 129 2
103 150 -21
405 220 90
55 76 -64
180 226 41
487 107 -68
209 380 58
396 72 -89
424 406 93
301 184 99
76 77 -48
147 401 27
5 153 60
83 339 -69
44 375 97
55 37 -99
487 25 26
409 352 79
219 12 -99
326 408 39
443 123 -82
150 91 8
412 256 -100
407 139 78
148 110 -10
72 19 46
430 103 98
46 466 -71
193 85 -28
52 29 -9
46 295 80
419 214 -15
401 325 23
121 92 86
17 135 31
312 203 -50
446 421 1
328 82 -8
82 363 27
20 433 35
447 284 -96
71 285 -95
284 361 -45
156 309 9
267 260 48
493 48 -7
89 134 35
230 404 -1
46 328 -55
74 339 -28
97 317 57
226 388 -73
268 325 98
113 79 -54
392 391 -79
332 83 68
118 163 25
371 499 -91
246 394 21
306 430 -81
226 229 82
312 131 33
97 420 23
314 79 -54
427 471 39
206 283 78
259 56 -87
59 477 -96
417 101 -30
410 209 8
217 296 1
393 110 -90
380 174 49
455 298 -83
57 86 74
72 460 31
472 229 -87
247 249 -65
400 484 50
478 304 9
43 89 -10
192 426 12
29 53 -69
239 330 -33
284 273 7
62 428 -54
453 389 79
123 425 7
140 406 -23
3 407 56
187 384 -32
354 244 17
397 362 -59
399 324 -56
63 97 48
425 290 74
312 270 18
12 151 -54
74 110 -78
444 58 -9
200 237 -96
194 421 -85
123 215 56
142 311 66
181 43 -3
411 409 94
250 176 67
341 370 4
127 300 20
450 122 67
144 90 -27
196 141 13
124 336 31
405 129 30
90 245 -63
261 260 44
142 198 -2
57 214 -13
442 99 -31
245 386 -16
117 260 31
485 206 -65
491 10 22
13 402 61
350 375 90
32 187 35
27 19 -41
443 265 77
218 383 -8
337 167 64
345 211 53
342 262 42
374 260 53
230 326 90
232 363 -100
44 236 -10
48 298 -60
407 448 -83
164 320 35
268 307 64
494 10 48
236 242 16
39 277 -93
110 348 -34
304 404 92
291 313 -42
464 74 -66
382 452 66
148 180 -52
419 4 -74
124 188 69
244 478 -97
153 12 -68
98 319 30
405 79 -68
137 224 -33
450 354 -42
449 374 -11
242 294 15
267 128 -59
479 144 -77
188 441 11
413 411 -22
346 23 -52
381 36 -28
404 305 12
94 289 -94
449 73 -61
7 413 48
185 180 -4
336 432 11
69 451 -9
263 100 92
218 186 -61
109 207 -87
115 155 -42
352 362 -7
181 59 40
177 171 -21
184 2 -61
174 462 47
61 288 70
326 473 -89
108 71 45
484 308 97
74 28 -56
325 163 -15
432 441 59
407 216 59
194 341 5
482 173 -18
166 390 -91
487 468 -100
48 122 92
342 269 -2
342 291 68
78 263 -89
317 227 -94
27 40 -76
117 171 -58
330 365 -100
465 395 4
203 357 64
467 264 -70
233 435 -75
125 325 20
163 282 58
154 309 13
410 174 -87
342 12 -26
420 489 -3
60 140 81
211 217 32
311 150 -15
244 48 -9
128 184 75
183 163 57
264 79 58
105 436 -99
34 367 13
473 103 80
84 470 -51
389 60 23
459 38 -12
56 415 99
147 80 85
398 400 -32
373 172 -24
245 187 22
417 134 -21
223 87 -11
493 315 -79
85 191 -88
423 10 -4
460 469 -21
345 326 12
229 385 -91
428 382 45
13 103 93
231 285 58
3 488 -25
463 113 -47
495 138 -67
238 270 21
354 297 -96
254 470 8
211 182 -54
267 92 58
479 69 33
448 145 89
293 455 -9
177 238 42
412 171 -95
229 461 34
417 149 54
313 29 -60
15 328 -38
237 490 -5
77 344 84
351 318 -58
222 498 -69
43 118 -16
190 151 -44
452 183 -7
257 124 69
281 370 45
433 319 -71
331 447 -4
343 423 -42
428 91 29
117 187 80
365 185 -61
82 188 -56
78 396 40
291 76 -75
165 255 90
235 452 -53
277 16 66
27 254 43
304 148 -87
103 263 2
10 490 3
434 356 -81
430 135 -16
31 26 2
466 327 -47
263 385 25
394 322 35
385 250 -38
460 326 -57
111 439 25
426 129 84
132 8 -3
203 389 12
160 384 -79
7 336 -77
241 212 16
187 353 2
430 101 -98
133 489 -21
290 11 69
214 374 52
9 34 61
154 10 66
360 349 -46
244 354 86
57 280 -58
299 131 -85
409 424 99
225 303 -16
342 214 86
374 343 72
3 109 53
304 164 -80
226 283 -37
280 342 5
396 164 -18
291 126 -44
436 362 -42
330 435 -63
311 400 -15
332 223 4
8 217 70
153 439 70
37 317 -69
112 271 -53
421 498 9
165 114 66
118 413 -29
195 402 -39
29 394 56
121 390 65
353 385 19
205 46 -75
252 319 -27
322 258 -11
429 304 -31
258 132 56
498 96 -1
357 237 -100
157 280 -53
49 30 -62
81 403 27
236 411 -88
199 289 0
114 182 -63
166 31 -50
414 289 -62
116 325 24
51 484 38
71 446 19
346 279 33
345 363 -14
462 383 45
251 78 -45
474 44 -41
148 145 59
425 5 -59
341 439 9
420 460 -68
96 60 -93
114 178 62
186 203 74
453 33 63
354 373 -45
165 94 88
220 467 -13
447 196 60
400 101 77
86 359 20
340 355 26
224 231 -5
430 61 60
261 234 -16
336 136 71
189 486 1
170 269 -54
189 378 29
11 460 29
277 156 73
250 78 33
236 454 -97
193 240 -69
476 113 -98
482 148 47
348 127 29
213 33 93
311 214 53
218 310 15
4 378 -22
260 32 34
443 22 68
374 50 -15
329 22 82
312 240 -63
151 465 8
105 474 26
296 243 -45
44 360 82
312 326 42
195 161 -46
293 216 -95
497 81 -79
398 433 -28
428 85 -69
432 480 -89
12 454 -68
207 156 7
285 257 -11
322 468 71
32 316 58
287 144 20
5 291 68
192 14 -92
400 445 -66
219 403 -61
203 408 -67
260 97 -19
78 478 20
415 200 -22
278 268 10
499 291 50
296 440 -93
295 43 53
115 495 -44
254 462 -83
244 406 10
82 392 -70
344 476 -75
218 312 46
196 397 -42
337 302 22
75 215 45
43 484 26
256 424 9
138 454 47
412 484 99
214 357 71
305 485 41
212 322 -35
255 439 0
137 3 68
84 141 70
58 165 93
302 179 -46
233 153 -34
50 218 -14
203 346 40
111 215 18
401 173 56
82 124 -3
306 20 -51
15 22 62
429 358 -93
368 261 79
30 481 8
22 163 22
369 75 -35
79 406 86
244 303 62
493 39 -100
374 207 51
367 276 53
205 241 11
376 393 -69
24 262 40
282 231 -68
159 359 18
364 49 94
58 215 81
63 307 84
401 180 57
417 10 -94
191 493 -83
21 165 11
228 28 93
278 436 55
316 120 -14
486 487 70
74 295 -43
454 250 -79
469 306 -18
360 457 -37
228 391 96
17 103 27
92 17 36
169 427 79
432 91 90
431 36 -36
494 106 -56
72 424 -28
349 83 -57
484 118 100
82 316 -91
460 386 36
122 468 13
43 313 -36
19 352 -20
253 252 -66
449 120 -76
348 143 74
127 279 32
355 438 34
211 238 59
355 477 86
404 128 -49
182 50 -79
147 240 69
313 68 -62
46 358 85
316 273 -14
241 392 -46
278 434 36
479 282 -65
499 248 76
195 140 -70
88 365 -98
101 25 -3
131 292 -10
101 399 41
331 256 -66
3 187 -8
251 122 -62
153 453 46
378 230 -45
373 77 54
42 93 49
202 152 99
449 87 7
245 392 78
335 85 2
113 427 -43
262 292 -76
144 199 -50
111 148 19
320 494 9
42 65 -18
422 397 40
366 358 -85
407 115 95
281 393 -17
173 248 -42
481 171 -69
106 387 68
485 212 -5
299 207 59
10 285 -10
443 469 -39
365 238 95
333 424 79
291 261 91
80 474 64
443 462 -94
249 426 -22
155 444 -54
402 144 82
160 159 -41
208 411 -59
397 104 54
278 310 36
392 293 91
422 272 79
193 8 17
289 100 82
226 274 21
18 142 71
473 26 -66
157 337 -63
222 232 29
54 96 -73
96 408 41
292 244 -19
28 328 -11
412 99 -92
144 443 3
31 147 44
143 444 -53
34 497 -37
252 243 -82
60 349 18
32 435 8
421 283 -48
58 14 33
310 183 25
412 271 -47
56 70 -46
96 17 -2
142 143 66
63 237 -67
397 492 57
385 433 87
440 281 -18
104 98 52
78 168 97
406 478 15
22 79 -71
246 72 21
362 74 -38
361 328 22
43 62 -80
381 482 12
266 445 -26
455 436 -87
395 356 -67
286 371 -2
96 426 -18
327 308 -98
114 375 -30
348 78 12
469 493 -32
66 95 -44
260 231 -46
31 168 70
357 184 -38
383 456 -3
5 401 -11
453 439 -65
315 267 32
213 183 35
334 419 29
1 38 36
93 253 -94
9 234 -96
13 111 35
192 322 -33
17 129 89
438 175 29
483 141 -79
159 15 13
167 39 -63
335 248 -25
354 478 -15
409 336 34
235 84 -19
304 418 91
164 124 17
428 44 -76
299 139 99
345 341 -70
339 175 73
74 25 10
217 182 -34
375 388 -71
310 264 -50
344 256 45
201 156 -95
227 318 -69
343 89 -21
272 178 41
410 394 -50
21 178 41
246 59 -25
340 329 84
445 410 -61
447 21 91
131 426 -67
370 107 39
17 204 26
281 388 58
485 210 -29
72 282 48
265 214 69
368 8 30
356 70 -33
40 367 -13
37 145 78
101 422 -90
412 250 41
165 98 -8
303 177 -17
298 7 -39
120 135 -8
184 434 -43
94 209 -93
38 222 -7
359 31 68
483 239 -87
379 174 15
127 178 -9
417 264 -86
45 301 -20
108 379 56
311 324 61
331 249 -69
105 253 58
328 378 -60
131 246 95
259 185 -40
124 318 -75
12 346 -96
409 472 -72
220 370 -84
138 475 -34
392 189 -67
273 162 17
71 473 -46
241 421 6
210 475 -36
385 156 100
324 255 -49
43 9 -90
95 236 4
312 440 -93
80 195 -35
202 160 11
323 50 2
309 93 -2
38 235 -77
370 471 54
210 116 90
229 317 56
100 188 53
68 315 -10
174 150 87
183 31 -78
122 271 -55
181 98 -74
416 247 36
61 485 -99
127 396 -93
374 95 -36
78 173 -60
357 474 -97
228 254 -98
497 366 63
496 266 -40
173 430 72
35 474 -44
169 234 61
352 130 38
390 200 -53
356 145 100
481 103 -27
371 267 84
185 460 26
25 391 11
107 134 -10
112 370 -23
342 459 -72
185 56 27
85 96 93
335 308 65
278 470 -41
153 165 -65
487 248 45
17 382 55
483 411 -99
362 267 -28
299 340 3
431 261 36
278 325 20
97 348 55
358 412 93
201 174 -64
242 76 58
280 443 40
101 8 17
225 484 -32
361 149 -10
77 43 -93
63 399 49
180 174 34
31 358 90
24 313 -29
284 297 -69
108 310 -28
235 409 57
308 217 48
69 283 78
61 219 69
98 63 -26
274 105 64
152 445 16
159 466 71
429 368 -9
124 11 -62
236 3 -84
279 290 90
312 379 -98
347 293 -87
437 115 -10
19 168 -16
437 131 -76
166 318 25
493 8 34
69 188 30
31 73 -36
48 474 80
228 341 48
386 43 46
246 159 52
140 467 -30
469 86 96
247 119 27
433 142 21
79 358 -45
88 353 -11
317 113 -81
325 42 97
409 215 -21
295 375 24
68 204 49
300 344 92
429 490 1
207 440 73
70 135 -68
241 138 -15
25 207 76
139 376 10
106 166 -72
156 210 -72
496 331 50
370 54 14
81 300 -51
397 337 -50
312 431 -24
427 218 95
181 487 46
235 2 -78
61 208 -69
468 372 -18
349 28 15
54 155 18
89 191 44
383 147 68
116 157 3
383 292 -94
131 279 40
318 377 65
441 410 72
126 109 -91
295 163 93
137 251 4
433 320 70
279 200 5
296 341 86
463 287 -9
100 109 33
57 248 -79
433 57 12
171 352 -30
379 363 -96
345 406 43
149 35 -82
85 274 -15
455 342 -82
480 345 -57
390 448 24
106 379 -43
470 62 -66
462 299 -35
393 197 -35
385 249 -40
292 232 -39
242 249 40
260 381 -15
467 391 95
236 333 -40
418 488 62
47 279 98
346 274 -14
11 373 -98
165 215 -56
152 357 -97
32 176 95
433 137 -8
90 87 27
173 465 58
148 9 -67
267 411 -3
197 299 0
278 186 76
306 26 78
400 216 -3
49 266 35
132 45 -85
297 174 100
462 406 -85
161 270 80
314 110 33
407 381 -34
417 250 25
351 282 -91
289 385 46
311 144 -84
452 311 -74
491 362 -74
150 360 33
359 32 -50
91 418 41
132 474 -97
126 174 -66
276 260 -93
76 20 -35
244 235 36
42 43 54
43 218 38
155 150 -6
444 231 -10
286 430 44
10 207 100
310 322 19
39 85 17
109 179 -62
84 125 68
176 254 -98
242 90 -8
6 338 78
291 84 -3
8 398 90
376 170 65
104 146 49
52 433 68
6 437 10
301 469 -98
478 161 -26
39 263 -66
20 344 -69
495 465 -29
181 82 83
386 490 -92
389 439 4
389 220 -94
414 68 9
118 262 -86
100 402 22
325 143 -75
388 365 34
228 456 -85
430 499 -34
12 282 -82
462 254 86
368 391 95
146 272 0
198 324 46
308 12 98
389 196 -73
288 108 78
430 106 -94
315 284 -1
189 384 -58
1 314 26
7 487 29
337 372 -50
229 273 -14
196 349 87
427 193 -21
357 276 -49
269 32 -45
442 447 -33
259 21 27
275 458 97
111 154 -34
458 185 16
441 434 18
212 276 26
222 288 65
207 190 -59
44 56 43
178 51 98
47 343 99
101 308 -99
38 83 58
120 71 -54
299 361 25
206 173 -89
479 203 53
7 419 -38
473 295 -67
169 242 -77
236 268 -83
48 15 -78
188 358 -88
24 489 -10
22 429 69
483 12 -40
267 210 -8
384 347 -33
230 400 -29
410 292 -23
178 310 -64
284 5 -81
266 120 73
230 338 12
210 287 15
289 208 55
337 184 -65
90 352 -84
142 260 21
120 87 -45
318 446 -59
175 430 -96
226 395 22
140 87 12
76 33 -96
328 435 -38
144 230 22
331 28 100
10 281 49
204 114 -41
42 300 95
226 311 71
335 294 63
262 241 77
131 251 -8
305 384 -72
449 13 -93
134 215 6
138 328 -94
281 296 -36
476 479 33
11 241 43
454 166 -53
90 392 76
308 360 -17
387 192 -35
497 86 -53
224 369 78
402 304 86
60 429 72
150 35 93
312 33 -76
261 232 84
156 388 -33
198 460 -71
87 283 40
69 48 -34
289 456 91
25 375 -25
91 498 47
204 103 -47
307 191 -97
376 334 -37
429 355 -31
80 114 -56
123 292 33
480 261 20
257 442 -38
201 479 -36
145 76 21
217 64 -75
40 414 64
83 79 79
29 308 -27
397 381 -37
444 294 6
200 161 -56
60 161 -31
85 251 -52
61 32 82
277 477 -30
346 416 82
293 254 33
134 158 -39
301 322 -37
499 257 42
498 436 55
256 347 99
316 479 -91
327 415 97
436 418 -48
299 35 -63
286 3 91
372 229 -95
13 414 71
371 446 7
42 106 91
125 154 -99
492 333 -72
290 291 83
311 419 -54
239 294 -25
294 104 76
92 432 -32
308 9 91
306 24 -24
292 108 76
145 154 -17
219 2 17
394 377 0
313 277 80
200 358 46
220 306 39
181 427 77
138 201 46
324 146 -98
224 446 -66
396 259 88
3 428 -31
13 192 -42
160 208 24
192 28 41
426 295 -37
245 72 52
162 319 -30
443 162 90
450 396 -29
40 208 -76
36 239 -23
434 182 -33
488 232 -76
5 69 -40
414 141 70
98 7 -99
274 20 14
287 429 41
33 29 -73
475 68 35
35 109 -67
74 233 -34
481 295 -72
457 162 82
438 454 -85
127 294 -45
39 87 -23
68 153 -16
477 148 80
49 82 -54
348 37 42
223 290 -27
467 214 -86
200 230 85
301 458 -2
264 85 64
374 18 90
39 188 63
309 132 -68
56 167 -94
114 1 -41
252 279 -45
213 396 33
122 444 81
99 96 49
320 499 5
121 438 74
14 408 79
59 186 4
299 76 -68
398 311 60
490 210 2
16 92 -66
433 430 -48
141 282 48
462 18 -96
265 428 -65
171 50 61
370 113 38
227 354 -45
411 471 70
30 24 -56
377 483 -59
481 458 -72
55 405 69
135 96 -14
408 41 90
457 321 29
51 456 22
94 237 11
55 368 -74
387 168 85
394 494 -39
32 212 -23
445 230 73
73 93 -71
55 0 -42
326 30 -85
331 33 40
5 326 -54
403 334 71
372 213 56
36 162 -82
326 341 -62
327 221 47
497 305 32
58 279 -66
490 479 66
125 418 -14
496 390 -70
130 71 -52
123 436 38
253 15 4
286 429 -4
354 306 4
256 371 -54
10 288 -46
195 247 19
162 223 37
458 201 11
142 140 -65
405 83 31
18 404 66
187 429 -15
115 48 0
282 284 31
432 116 87
428 439 13
469 394 1
440 485 55
147 447 43
88 49 1
431 473 92
200 424 58
25 61 -52
394 11 -36
25 15 -63
25 86 -76
114 435 -80
56 485 79
131 152 85
273 338 93
473 79 48
428 256 48
50 374 65
153 167 31
295 57 8
102 371 52
469 437 -43
402 268 82
20 423 -79
451 246 -26
26 113 -33
377 5 -54
292 414 -65
238 41 80
330 16 -72
286 186 -40
21 301 70
156 41 -90
287 311 58
26 173 22
222 462 -72
178 192 14
297 53 55
479 181 -94
455 262 10
405 383 -71
209 145 -71
219 435 -87
247 128 -99
184 194 -1
153 339 95
461 53 -63
382 72 94
381 450 -5
189 72 -9
152 429 -15
352 27 -62
172 134 83
290 424 -37
349 190 -65
232 221 17
329 188 85
13 322 -55
301 306 67
224 244 16
151 414 -100
46 230 -6
414 351 65
146 491 35
155 341 87
131 120 -4
459 170 33
287 451 77
267 56 7
201 95 22
45 204 80
78 20 -6
108 331 59
344 395 -13
311 275 -74
214 485 54
43 46 3
79 138 -89
194 452 -88
490 287 43
397 335 -28
331 275 79
447 53 89
340 286 57
105 211 -36
126 158 -84
477 200 -41
173 74 100
172 223 83
79 104 -40
286 413 -76
479 108 35
93 163 -24
348 55 -73
226 113 -90
388 81 88
420 341 41
431 463 -75
160 441 84
423 400 -77
448 400 62
127 498 -82
130 250 -74
137 325 -98
383 230 47
70 309 29
8 205 92
111 139 29
398 13 -25
413 148 87
265 81 37
29 429 -37
219 497 28
43 425 -36
70 175 44
214 11 59
299 373 -94
126 284 -100
347 247 14
487 458 4
364 341 -1
433 494 -55
355 299 76
395 475 91
142 322 -91
297 403 88
139 469 -34
199 61 -62
413 24 -28
348 469 96
308 340 -10
31 128 35
218 109 79
373 92 -15
497 109 -1
441 112 22
15 314 50
183 1 79
408 85 40
259 36 64
28 451 -2
240 341 -29
287 58 22
402 429 76
177 492 29
463 401 56
45 494 42
279 237 -5
261 221 88
157 176 37
417 383 82
454 419 74
167 396 32
292 170 68
452 407 -68
11 30 8
333 411 46
448 109 -29
76 478 -36
26 277 88
272 420 -99
427 498 -59
251 136 -37
470 154 -18
245 460 -69
298 316 -28
293 8 -52
232 246 53
240 193 25
260 373 -74
463 364 47
26 461 17
97 321 79
301 239 -28
370 11 -55
129 413 -58
177 329 -34
354 169 -68
330 226 -93
300 136 51
163 60 6
335 41 81
209 49 -9
234 459 -52
222 279 -53
110 45 -16
233 134 55
259 184 -26
497 91 71
31 160 50
447 336 -3
175 160 89
341 263 69
24 151 -52
165 18 -81
111 7 -49
404 414 84
236 431 -62
366 218 -21
106 217 68
210 252 -50
320 356 94
255 245 -48
64 207 -99
222 64 98
15 447 32
8 345 -43
327 88 26
375 183 -52
447 131 -47
137 444 19
222 383 -66
313 302 -31
54 26 -14
153 171 95
162 54 -18
153 349 55
368 456 92
361 329 -17
487 202 0
186 204 96
388 106 -35
108 485 -27
144 330 -81
321 459 17
42 494 -60
27 375 -89
314 193 62
147 214 -61
200 277 -85
8 246 -72
488 457 -83
489 175 -31
463 495 85
293 113 70
494 408 26
428 125 -73
406 325 -84
242 297 -53
218 0 -9
427 105 -99
493 347 13
206 295 -22
191 177 -42
195 173 98
477 207 30
121 303 -79
443 81 -30
140 401 -99
344 367 -41
152 156 13
279 423 -85
79 498 -77
105 17 -89
177 490 84
59 195 -83
103 81 -45
306 3 53
424 434 66
115 257 -20
6 131 -25
488 3 23
205 310 -24
237 196 -25
471 348 -75
262 443 -68
139 415 -43
32 394 -32
490 301 -71
410 261 -95
396 496 -11
35 103 31
169 371 60
375 233 -90
223 282 55
249 450 19
424 444 85
84 443 -80
445 111 -67
53 41 18
140 305 71
195 386 64
296 389 16
488 338 -24
312 422 57
379 462 13
115 234 39
311 160 81
135 270 -96
200 434 99
470 68 -6
179 17 -68
370 68 100
312 351 -6
393 444 79
367 133 -3
90 261 73
61 84 -94
462 115 98
278 139 -17
305 378 29
432 195 -50
409 316 54
410 17 -44
441 116 -39
153 30 -65
178 7 89
52 81 89
332 170 -89
178 114 -8
190 359 51
125 464 -73
197 273 72
209 377 1
415 54 -33
138 486 -78
260 161 98
50 336 -89
251 347 -71
18 481 -62
488 325 -78
488 245 -99
398 55 -52
236 112 -27
56 155 4
104 219 86
275 26 -53
141 442 57
218 424 -9
350 26 9
114 281 18
308 93 5
164 276 51
301 178 -97
499 169 -16
13 83 -38
340 204 53
121 328 97
224 266 37
462 164 30
85 362 -70
496 209 -32
468 235 -55
326 483 -4
295 119 -99
76 197 -38
91 192 97
164 221 45
48 349 -42
483 174 -1
185 317 43
237 199 -49
105 32 58
181 357 69
276 201 -30
265 232 35
314 220 34
24 423 4
40 78 -23
282 348 14
443 148 -100
466 75 -38
335 148 -18
239 207 -47
21 306 65
6 122 11
387 269 -40
444 223 -50
459 104 49
67 333 65
193 373 -59
157 208 80
197 119 99
446 90 -53
92 300 34
202 249 21
16 299 63
460 172 -37
47 493 97
136 344 29
89 106 3
131 433 30
327 190 -19
317 470 55
126 494 58
191 88 70
81 264 -98
48 449 -88
232 22 60
56 227 -27
50 482 -99
86 212 12
437 177 100
444 249 -15
397 278 -20
497 216 -10
283 324 -61
81 19 -77
184 141 91
301 272 -73
242 228 73
14 182 51
17 473 17
348 283 -19
417 9 -57
286 476 93
409 0 62
360 301 70
493 330 97
79 324 73
225 201 41
377 424 -70
227 114 42
471 4 -74
304 9 -91
377 227 93
61 122 -26
395 26 -41
163 395 -80
371 104 96
15 13 25
327 2 -57
467 49 -91
483 56 37
263 376 -70
240 66 -57
430 169 11
250 497 -1
361 48 79
47 105 -40
350 71 23
460 157 28
321 77 27
72 316 -2
365 461 -43
369 176 19
234 389 88
360 441 4
343 228 96
448 368 -69
251 445 96
498 499 -19
357 482 2
386 35 -47
399 251 -3
462 64 48
230 225 -59
489 360 -86
60 51 -28
196 154 -79
340 347 96
471 243 99
56 0 81
46 432 21
130 222 14
233 330 11
25 497 -44
9 133 -98
435 192 27
443 377 -9
318 172 -77
453 58 -37
260 102 75
35 324 75
291 455 -3
101 396 18
232 487 -13
183 204 18
374 372 -9
252 103 54
212 417 -19
270 477 43
448 371 -27
324 171 41
226 314 2
139 264 21
220 246 -31
286 39 -12
418 118 -42
326 271 72
422 30 58
293 215 -58
291 220 -49
119 196 28
45 316 -67
98 195 -70
328 100 -28
314 246 -51
415 117 97
158 476 -65
24 20 57
164 431 15
59 152 96
122 103 -24
178 90 44
86 145 2
496 354 -28
294 71 -62
337 480 30
329 354 25
403 7 -48
29 489 63
361 310 71
443 415 61
179 148 -1
409 41 87
102 484 -60
92 242 66
115 369 4
259 145 33
393 287 -60
68 49 47
353 222 71
23 265 -24
428 278 -66
381 352 -42
449 52 -15
88 354 48
346 57 97
343 159 -85
478 413 43
385 264 -86
141 38 1
495 413 -75
140 206 37
42 282 -7
317 270 2
407 496 40
361 105 46
39 191 -31
12 478 7
435 441 -65
467 22 -96
34 329 20
129 81 9
150 463 81
286 262 63
476 427 -5
200 47 -37
245 359 24
398 144 55
220 47 97
16 461 -55
184 48 -20
254 468 70
426 113 98
193 252 7
432 65 -77
295 491 100
83 273 61
220 106 28
134 424 -39
83 290 69
98 325 -75
233 143 -91
152 361 -71
316 55 -93
349 108 -25
1 400 -53
53 137 40
390 239 -100
24 100 -98
453 279 -54
346 269 -97
29 478 -3
349 253 -74
317 89 -93
323 134 53
319 69 64
196 209 19
170 473 82
228 42 -65
307 185 1
440 304 -11
429 194 39
316 109 73
69 468 -33
162 282 45
44 222 -82
399 312 -50
15 112 -97
463 428 -64
369 464 32
162 121 -56
448 456 62
94 239 47
105 177 -36
424 245 -100
194 26 78
375 435 7
292 162 63
495 92 -28
141 351 -32
76 170 70
284 479 -27
333 176 -25
205 44 -42
174 163 -53
397 392 50
115 1 -23
457 308 50
292 1 99
90 313 -57
466 176 -96
286 417 62
303 318 42
313 441 -3
223 34 71
269 418 -27
76 467 -41
498 231 -14
245 29 8
34 191 -13
312 248 -84
90 147 -36
345 52 -38
173 249 -46
274 451 -50
273 272 69
435 448 -88
26 179 -87
469 453 -86
294 107 -55
267 295 42
47 187 6
383 115 -66
53 247 40
193 297 -5
54 493 -1
392 231 -79
34 453 52
161 157 77
96 407 35
115 121 -38
315 393 -59
242 180 -3
454 164 72
112 477 -14
97 416 47
34 243 8
4 23 31
400 165 44
471 351 -13
372 336 -37
478 405 -63
421 463 23
473 445 66
301 37 61
255 239 60
245 302 -10
85 220 -10
41 432 -48
107 335 -88
353 69 -100
199 168 -7
143 461 -74
6 256 -88
206 357 -3
455 93 -54
25 40 -17
249 151 45
423 426 -67
311 370 -95
351 280 26
221 98 -36
123 366 -68
365 129 67
485 16 79
203 99 -93
197 229 68
149 182 97
195 18 -35
170 297 8
185 251 82
349 336 64
356 205 0
392 417 -74
489 260 97
157 117 22
133 22 2
178 70 23
245 486 -25
185 399 -51
148 208 43
415 377 54
219 489 -83
128 191 -34
234 315 66
485 263 78
407 380 -34
70 379 96
61 145 -86
147 495 57
70 6 -96
349 465 9
24 48 90
234 140 -18
329 316 24
388 79 -64
51 209 34
354 490 -71
146 227 -7
5 368 29
335 421 -57
473 62 -9
38 42 -47
334 278 -48
85 395 -42
153 427 58
133 162 -17
373 440 76
300 419 -93
323 434 -26
155 412 31
0 229 24
256 159 18
430 87 -29
390 395 -84
294 157 -34
222 216 -38
43 491 -90
303 219 -70
229 116 -8
121 276 94
216 212 -83
206 421 13
346 298 51
409 213 45
218 263 -25
384 97 -8
162 171 -85
336 429 73
237 251 55
157 16 38
235 138 -53
402 151 -62
205 284 1
439 304 -76
195 228 6
19 41 -12
44 379 80
41 95 -38
158 484 76
460 246 36
276 43 25
465 332 77
32 448 24
45 382 31
324 465 -66
71 161 74
168 118 82
281 404 -61
423 109 35
276 172 82
357 399 -87
11 106 -97
193 355 19
385 162 -7
265 295 79
0