d
100
1000
61 11 59
28 15 53
72 53 -1
48 76 14
2 49 -79
5 17 100
45 6 -82
54 18 -26
61 54 -47
25 64 68
98 97 98
44 91 10
79 58 -69
41 39 -39
93 12 44
97 5 86
58 28 44
21 32 -75
72 86 64
15 20 -87
34 7 -29
76 16 14
68 92 -58
37 27 -21
50 72 1
70 73 -20
53 97 22
3 19 25
15 29 43
34 68 -73
71 89 15
69 7 97
51 73 72
28 84 32
62 45 -80
36 16 71
14 1 -56
21 84 -85
57 74 -33
56 37 -32
85 46 -65
87 81 -80
50 13 19
34 86 -29
32 27 -70
18 40 33
48 21 -4
12 92 62
62 39 -98
65 83 48
66 55 -6
39 8 -2
87 88 -96
93 63 -73
7 19 -34
75 77 45
32 57 -66
42 20 90
21 97 83
60 75 -26
13 64 14
70 83 17
2 97 51
53 80 -44
17 94 65
5 7 84
70 60 65
95 5 -59
14 54 -52
22 23 90
77 70 60
48 2 22
8 23 49
30 44 66
71 56 48
84 69 25
81 13 -31
29 46 53
12 22 7
77 43 91
7 65 -70
83 61 96
1 97 53
51 97 -62
56 70 95
29 90 46
89 22 40
14 97 -83
35 93 -20
95 69 -25
22 33 -55
44 51 42
39 76 -38
81 8 19
27 59 59
72 31 53
31 42 25
0 21 8
50 66 -92
50 46 -61
80 11 43
85 33 60
75 44 -88
60 93 53
16 92 39
39 20 54
46 35 -20
4 3 94
94 39 -74
73 72 16
1 21 41
86 12 90
50 70 -76
66 9 -84
41 33 95
40 64 10
54 87 89
95 22 -51
63 74 2
45 38 90
60 84 60
32 88 -19
96 59 54
99 81 -64
25 71 52
4 70 42
69 34 -16
55 81 -21
46 3 35
76 13 0
4 62 87
62 20 90
64 54 41
48 15 -30
0 43 36
17 95 -25
62 52 -41
2 62 74
34 76 73
95 2 78
63 72 43
67 58 -9
11 54 55
85 86 -87
63 13 9
13 19 -21
51 47 53
63 73 -64
83 49 95
98 82 58
49 24 -92
14 80 13
47 62 -28
63 66 -68
81 0 13
58 50 7
45 46 91
92 61 19
14 21 69
17 39 -4
75 69 -80
24 78 17
56 95 -57
4 2 -90
10 12 -89
90 30 74
0 16 -19
54 90 56
23 56 -84
67 66 -53
80 97 -22
40 76 -88
27 88 -2
36 84 29
79 46 20
35 8 11
68 52 -71
87 31 -43
46 55 100
57 41 -75
12 2 -3
28 13 90
82 92 12
92 99 26
55 52 -5
25 59 -13
60 79 19
20 85 -46
49 71 44
46 74 -47
85 69 -91
58 6 -40
54 29 -38
32 92 -22
16 17 34
29 26 -42
48 53 -74
89 4 -80
97 11 12
67 34 48
98 25 20
97 39 20
66 4 67
86 89 -9
62 95 -61
78 84 53
48 10 -33
71 10 -39
6 21 99
94 33 44
53 65 -70
51 6 -96
69 4 -34
16 25 -33
17 56 -24
73 5 58
62 98 37
46 66 -51
90 41 34
79 30 -57
80 66 -75
83 31 -79
47 88 -75
41 48 45
99 96 -57
77 13 68
41 80 80
51 91 -40
12 53 51
36 0 -86
2 88 32
59 68 16
14 74 2
90 23 -48
75 43 45
20 64 -34
75 24 -4
35 34 -60
67 35 18
28 78 52
5 70 -16
15 24 32
18 94 -35
93 24 -83
86 36 91
9 48 -6
16 1 -93
28 24 97
21 68 62
43 65 -97
61 66 -53
53 93 -70
86 55 41
85 57 -94
77 44 51
6 14 -43
99 27 -99
37 33 -87
86 57 33
74 73 -100
42 72 -91
76 80 -16
25 9 -88
54 88 -97
98 24 -30
60 63 -77
72 69 -91
43 87 38
48 18 -53
68 21 71
90 24 80
88 79 -91
74 56 -38
27 89 22
50 26 -44
3 8 -83
43 84 -63
37 40 21
47 93 -74
88 63 -16
48 66 51
43 62 46
48 14 -96
88 55 -82
55 92 8
75 6 24
0 13 45
45 43 86
88 97 -74
62 23 62
63 10 59
14 87 -39
76 66 -41
58 2 -38
49 6 -84
5 21 44
90 17 65
58 23 8
71 70 84
67 49 -86
4 94 27
2 18 -4
4 56 64
90 89 -43
60 49 26
16 99 4
52 23 66
47 14 63
0 27 -23
17 55 -45
8 17 71
3 57 78
15 45 -59
29 75 12
97 35 -47
36 58 -21
93 85 -32
11 39 86
13 55 24
10 89 60
36 87 -81
1 2 75
30 55 -35
41 57 37
29 64 51
36 54 -89
49 28 48
49 17 68
23 95 7
33 35 -22
0 12 -50
70 7 -91
3 41 73
32 51 82
89 84 -44
3 26 69
83 13 -15
66 40 34
77 42 62
4 66 -52
59 47 -35
53 14 -45
98 94 -84
19 55 -26
24 79 6
15 53 -52
4 81 18
24 34 36
79 3 -46
16 79 15
67 90 13
59 98 91
27 7 -17
87 1 -100
83 72 -68
76 29 34
7 28 -19
68 10 91
31 19 -23
47 96 48
50 98 -20
92 2 -40
30 45 -58
31 96 40
28 6 55
52 22 -53
52 48 -93
88 33 -61
45 17 9
82 33 88
63 0 60
15 58 46
30 11 87
55 27 100
2 60 -47
3 91 -54
86 50 89
32 2 -7
72 61 18
19 7 -63
40 58 -15
18 83 -53
84 45 -88
81 19 -72
75 40 -3
43 12 -87
13 76 -12
18 95 -83
2 95 -41
90 22 -78
90 32 -92
2 27 -49
62 7 50
74 5 50
70 17 -33
3 10 20
79 25 -9
78 41 -19
40 94 -24
19 12 38
40 6 51
20 32 75
38 20 6
53 54 -82
57 93 15
61 83 41
98 44 2
89 32 30
46 23 -6
27 13 52
77 81 13
83 74 16
22 58 84
60 86 -70
91 52 -13
29 99 -66
76 55 -67
45 20 93
36 30 -23
35 61 11
31 26 -20
59 8 -55
47 20 -3
96 75 86
39 63 -44
43 67 -54
72 90 65
26 65 35
99 68 17
81 38 37
72 17 -28
1 47 -86
15 13 -35
94 74 -94
53 52 -86
66 18 -25
4 61 10
53 92 51
9 70 82
63 3 12
45 95 -57
52 86 -62
38 87 35
69 85 -39
81 47 77
56 61 -10
36 33 91
17 28 -52
69 68 14
81 2 79
68 33 33
76 63 -60
79 51 -84
86 71 -29
41 34 2
19 37 71
3 66 -92
81 90 30
40 4 -56
72 26 50
34 77 -98
59 11 8
2 15 5
67 9 16
43 49 -25
4 16 50
81 65 -46
84 77 96
84 14 68
58 93 -3
14 37 73
29 60 -66
9 62 91
30 84 -55
21 10 73
47 78 -100
21 41 0
31 75 85
91 3 -99
50 23 52
85 8 -56
6 16 6
69 25 -53
54 97 -55
49 30 35
65 84 41
74 91 56
39 78 30
62 71 40
76 33 -37
94 83 7
47 37 -47
14 88 -37
56 84 -32
53 87 48
64 95 22
25 18 52
37 87 10
46 84 -86
35 14 -29
3 77 36
58 10 -74
3 45 88
54 22 -28
78 11 -63
60 91 -55
64 42 -74
98 93 -45
20 61 50
30 20 35
3 67 -6
28 34 14
47 36 -43
36 6 3
21 72 -91
8 29 66
20 47 3
94 16 19
6 64 -87
6 1 -77
69 66 89
67 84 -51
84 3 100
18 58 86
35 72 -23
10 99 -25
27 20 21
94 0 95
77 98 -18
47 5 -33
69 31 28
3 56 -46
93 3 -89
97 27 -93
77 17 -37
76 86 -80
36 72 -49
89 98 -24
73 64 -6
14 38 98
52 46 35
15 0 88
45 63 20
0 83 -89
35 18 22
90 6 -51
71 25 68
71 95 51
90 11 87
66 46 37
2 64 7
70 77 -60
48 87 -76
45 90 81
65 58 -98
15 72 -75
25 54 100
0 20 -12
63 91 28
44 50 30
76 83 85
50 76 -85
12 73 -2
78 57 -18
15 30 63
54 98 -11
51 98 -72
14 8 28
4 26 -36
16 39 -90
99 73 50
26 42 52
96 46 -84
40 69 -56
66 43 23
39 46 -41
41 92 -47
20 27 -79
71 68 -84
20 46 55
16 51 -98
33 72 -25
42 21 -51
87 16 86
34 23 -24
71 31 31
20 69 -57
68 85 47
94 64 -71
53 82 11
64 59 55
8 51 -10
91 48 -39
83 20 -95
26 23 -97
52 97 -50
5 8 61
81 59 -25
1 79 -60
97 54 -62
77 1 39
3 39 38
6 52 -84
79 77 53
37 61 45
20 5 72
74 40 -26
78 67 -56
45 74 98
21 34 36
49 34 -44
51 89 39
1 76 0
35 73 -94
40 41 -93
99 3 61
63 86 31
10 79 22
1 99 66
50 60 -66
48 90 -40
67 53 77
38 85 -59
50 83 -98
43 7 -26
94 24 -79
32 43 6
69 89 1
9 77 -59
6 2 79
41 13 97
59 76 -38
19 81 5
93 2 85
93 18 11
18 10 75
79 71 -62
12 64 14
71 17 94
0 63 -54
3 65 -25
24 87 36
85 23 -96
89 83 51
62 42 59
14 26 40
56 22 -22
93 4 -81
12 56 2
6 56 -60
94 80 9
98 0 -98
97 57 98
62 60 60
65 30 -30
47 56 -39
63 37 -19
20 42 98
22 94 78
79 87 -17
61 25 -75
34 97 38
35 57 -15
61 96 11
61 68 90
24 11 -24
72 45 20
43 50 93
25 87 -7
62 47 -32
89 92 19
77 32 -4
78 22 -61
14 98 10
24 50 22
66 14 -100
44 83 91
6 35 -38
53 91 23
77 10 82
97 2 -36
59 94 -6
99 19 94
1 25 84
88 78 -88
50 79 2
57 59 7
85 3 -59
26 16 -93
37 58 40
95 64 80
32 56 2
20 82 -93
54 76 28
23 6 99
89 64 -10
3 21 -30
72 98 -90
59 24 -55
39 64 29
61 38 27
16 97 -69
23 25 -84
89 54 11
3 2 90
53 43 -49
41 27 98
53 40 2
17 54 -7
77 28 -20
78 96 16
53 8 -38
23 69 -12
31 12 -77
16 61 -3
55 85 26
82 43 -8
61 6 14
56 89 17
10 90 -77
99 61 -7
32 30 -55
67 98 69
39 66 77
10 88 -73
82 22 67
59 28 -70
34 60 -79
82 38 -61
66 81 90
59 79 -45
32 67 93
3 62 35
19 25 45
74 76 -2
42 86 57
37 45 -99
36 18 -79
57 52 -3
45 2 3
83 78 33
74 1 57
64 72 19
64 67 56
46 13 -82
7 52 86
38 30 -26
53 68 -32
18 28 -17
37 0 48
46 12 -52
27 8 55
15 51 -14
73 25 -93
89 60 92
83 63 17
5 31 -54
59 5 3
66 49 -65
7 17 -31
69 67 64
7 10 33
82 27 55
58 96 -2
93 75 50
97 60 -24
49 11 57
18 2 -42
23 64 55
21 47 -78
30 7 81
96 40 30
96 42 -80
86 74 -52
5 92 -52
46 8 -16
33 39 39
40 26 3
53 0 40
97 94 79
22 3 -88
67 99 21
31 2 0
91 76 -64
36 83 -61
21 51 18
78 6 -79
1 39 61
12 31 99
69 54 23
59 20 -78
22 27 71
30 0 1
61 49 -97
40 22 28
27 98 -95
18 34 -35
31 84 -64
68 23 -72
92 10 25
39 48 93
99 67 -61
28 51 59
4 69 -21
21 56 -37
35 64 -67
92 55 -59
80 54 -26
59 23 -33
0 58 -43
68 34 22
4 42 -30
78 28 73
25 86 21
52 79 98
26 58 3
74 79 98
81 26 35
77 3 7
12 24 2
56 19 86
23 15 -27
19 47 -51
89 12 6
49 21 10
85 96 11
94 13 -79
0 40 50
67 4 15
40 51 30
11 93 -21
9 5 -68
50 63 44
68 93 -70
97 96 80
4 67 53
94 10 66
82 40 95
28 11 47
74 18 85
8 79 -3
75 84 -5
96 78 -74
37 59 -18
32 44 67
12 58 5
69 1 17
94 21 78
84 41 -93
67 28 78
59 12 -1
31 92 5
64 35 -19
68 79 -86
20 55 -74
92 91 99
3 46 -51
15 93 54
57 97 -96
85 93 40
40 80 37
13 50 -34
42 2 82
65 62 87
89 37 -52
37 50 38
52 88 33
84 50 -81
7 4 31
5 64 31
68 4 93
88 38 40
50 6 -63
83 54 47
8 74 35
71 19 57
15 14 -37
58 81 16
84 98 -31
79 26 -86
18 24 -33
25 72 -2
50 15 19
96 25 25
70 8 -88
77 47 -97
61 30 -67
11 66 -25
48 13 -5
72 36 -11
78 10 -55
37 44 -14
86 42 32
4 1 -34
35 22 -96
22 82 -14
39 82 35
89 63 43
2 12 99
61 93 -36
68 7 -42
95 37 -71
69 88 -50
43 47 -32
70 35 97
49 93 15
74 80 -44
59 88 67
85 13 80
22 78 22
89 53 50
32 46 57
92 95 4
42 12 64
17 79 2
10 94 11
26 39 86
46 37 16
31 94 79
60 33 -73
35 54 70
61 71 -74
56 42 -3
84 75 -53
72 16 -23
47 51 82
23 72 -27
49 43 88
86 91 -69
46 43 62
34 55 37
42 16 33
95 14 -38
27 55 -85
35 15 34
94 55 -37
78 75 17
80 68 -84
4 14 -67
55 35 -32
92 81 -25
62 24 -73
86 75 83
59 48 -92
74 32 -23
20 54 -66
91 73 19
6 77 -87
39 18 0
75 95 -43
91 13 69
95 4 53
89 19 85
1 94 31
97 83 56
96 88 -98
8 75 78
47 82 -57
16 30 -94
22 52 -49
67 70 22
55 41 100
45 66 37
50 35 -31
86 99 -8
48 88 80
45 29 -56
84 78 32
82 76 54
14 30 -72
64 93 63
22 30 63
83 39 -47
34 48 97
90 7 47
47 50 18
77 21 92
97 56 -3
9 16 -74
46 34 72
82 97 -87
98 92 43
2 42 -66
14 94 88
67 41 12
12 48 -8
21 25 2
1 38 -19
98 40 -3
20 87 -31
10 57 57
2 80 -80
16 91 31
12 71 -52
82 48 -52
28 9 -70
72 73 14
23 82 -89
30 35 -36
53 9 92
0