u
50
300
9 35 -63
21 24 55
49 22 -18
33 3 -98
30 33 -67
47 16 -94
35 10 -15
3 27 46
20 29 75
24 19 23
8 6 -25
41 18 5
7 3 46
9 29 -75
40 0 -68
40 7 19
42 16 -26
26 22 1
17 12 40
4 31 81
31 38 -34
24 11 78
13 21 27
22 14 5
14 0 24
4 27 64
44 7 47
48 46 30
47 37 -50
25 3 54
49 32 26
9 7 88
14 4 73
21 25 -3
10 45 11
26 6 52
1 26 -25
44 8 -12
7 47 -32
9 41 -24
6 7 -77
16 41 41
6 31 -78
36 9 -81
10 39 -100
16 10 95
48 49 -48
30 11 97
1 0 0
12 3 -95
29 4 74
10 24 -14
12 25 -36
10 44 -47
43 49 86
9 40 50
32 21 75
30 9 88
10 20 89
35 22 1
1 45 -61
8 26 -5
26 23 47
36 2 -63
19 7 -62
18 17 94
45 48 21
41 45 60
36 37 75
6 20 81
17 6 89
26 9 78
4 10 -17
11 2 -99
40 46 50
39 23 -61
39 31 -10
30 10 -84
14 9 -78
19 46 67
24 28 -23
12 34 -84
6 14 -6
7 22 -89
28 4 -67
41 35 -74
17 26 53
9 24 -19
35 1 47
49 19 12
29 10 -100
20 48 -16
27 29 -55
23 29 22
23 9 -33
40 43 -12
23 12 44
6 49 -88
39 11 55
7 25 61
20 38 88
3 38 36
6 12 -34
35 49 -43
19 48 23
10 31 67
15 45 -66
43 0 17
3 48 64
12 13 62
20 36 -1
5 12 0
3 32 3
2 3 13
15 25 53
3 39 68
5 36 -90
27 2 88
21 30 -68
4 19 57
29 44 49
32 30 -90
48 6 -42
20 34 -56
36 6 51
25 26 100
32 23 -84
10 22 -21
37 30 19
38 42 50
5 29 -76
40 29 93
47 21 38
42 2 -54
46 24 20
39 40 -83
39 18 98
32 11 -89
35 6 -18
49 37 -83
2 45 -81
7 39 87
48 42 94
34 25 -19
21 10 -65
4 7 92
7 14 59
42 5 -81
27 8 -67
16 17 -74
0 42 57
47 48 -18
7 24 3
29 31 19
2 29 58
40 16 55
38 49 97
33 7 40
27 11 51
19 17 55
25 0 -24
19 25 12
22 31 -45
12 46 -81
32 22 -53
38 12 47
35 34 -50
16 23 -32
36 15 63
25 23 36
47 33 41
40 48 30
27 13 -7
0 23 91
48 28 -47
23 6 -3
33 8 -6
13 40 -77
42 39 -45
8 34 27
42 7 -39
42 24 -76
45 8 -100
48 12 34
9 13 94
14 10 -58
10 26 43
44 6 13
32 34 -59
10 41 -70
18 37 61
36 24 75
8 49 44
2 48 59
29 19 85
8 15 21
14 23 53
32 18 -46
36 46 -51
48 23 7
3 0 -3
36 43 -65
7 26 62
23 2 95
16 38 -11
18 3 92
7 30 -19
46 31 -97
23 40 -92
13 42 98
27 38 -72
2 22 6
36 21 -58
2 30 21
19 36 -51
13 4 -65
15 39 18
34 4 16
7 31 -51
36 18 58
18 47 87
42 6 32
18 7 -45
3 35 48
29 47 -73
7 16 -42
39 6 43
9 6 76
8 19 -50
21 18 -68
19 22 59
18 16 61
9 22 -23
44 31 73
37 44 -57
9 21 -68
49 42 91
41 31 -77
30 13 -41
1 8 0
32 42 -69
32 4 44
5 28 -70
15 7 40
15 29 -67
48 37 -79
21 16 87
26 35 91
27 34 -52
5 8 38
27 19 63
37 17 33
19 41 65
21 39 -92
16 28 93
43 9 -61
14 8 48
12 33 80
18 34 51
15 40 -18
17 8 -15
17 33 -95
4 12 79
26 24 41
2 8 -59
45 5 -6
9 3 -76
38 23 33
30 49 -81
0 17 -45
43 17 2
43 15 86
34 14 -59
23 49 80
47 44 -24
48 21 -68
12 32 76
17 22 78
22 16 87
1 43 96
3 13 -77
26 31 9
13 45 -17
35 28 -76
48 27 -41
33 32 -93
23 47 11
17 29 -16
25 47 47
10 18 -6
2 13 22
33 14 -91
16 3 75
30 4 24
32 35 33
42 29 40
35 12 41
22 24 24
30 36 -51
18 5 39
0